Id,Sales
1,4208.0435
2,7091.9565
3,8377.158
4,6727.6694
5,7121.2524
6,5838.7954
7,6825.488
8,7492.256
9,5935.841
10,5088.515
11,6607.3745
12,8194.294
13,5984.3843
14,7483.935
15,5775.633
16,3906.469
17,6005.702
18,8188.3403
19,10696.51
20,8724.617
21,8124.9204
22,3923.0981
23,6669.248
24,4034.425
25,7610.2427
26,8642.021
27,8140.7373
28,6019.7764
29,4745.3027
30,4541.207
31,6041.9746
32,8514.022
33,6491.118
34,5362.1665
35,5015.7344
36,7270.0356
37,3750.6711
38,7543.6904
39,4482.3887
40,5682.3877
41,6505.5293
42,5350.308
43,6704.9854
44,6005.5415
45,4564.411
46,6892.611
47,7270.1606
48,12107.429
49,5974.643
50,8552.234
51,6148.0356
52,8403.768
53,6756.26
54,9246.89
55,4523.0586
56,5827.7397
57,6228.391
58,5980.698
59,9724.843
60,6419.247
61,5728.7334
62,7916.3467
63,5871.4272
64,9254.928
65,4043.9768
66,12711.757
67,4217.2056
68,5399.6807
69,8637.127
70,4455.4946
71,6869.5015
72,6521.552
73,7965.9043
74,5367.5293
75,4559.4414
76,10993.621
77,6822.3374
78,5966.3286
79,4895.6724
80,6103.0176
81,11190.057
82,6486.136
83,4380.102
84,7334.293
85,5252.949
86,5809.6465
87,5964.8833
88,4250.869
89,7967.69
90,6143.27
91,6468.152
92,5439.267
93,4344.474
94,5061.291
95,5020.636
96,8070.185
97,7361.7456
98,4847.032
99,5347.2725
100,6662.6226
101,5572.376
102,5154.0317
103,6553.822
104,6265.2197
105,6850.6704
106,5222.4683
107,4922.795
108,6800.7676
109,8025.8096
110,8357.948
111,7095.935
112,8288.494
113,1066.2406
114,8753.273
115,5379.2715
116,3238.832
117,9664.556
118,6360.3604
119,9990.784
120,8494.718
121,8032.84
122,6217.339
123,7207.8745
124,7391.958
125,6495.7637
126,4116.651
127,5002.9673
128,7760.346
129,5195.9893
130,4751.7485
131,8612.711
132,6049.31
133,5371.4062
134,6122.246
135,5643.093
136,7121.2183
137,6936.998
138,6510.2593
139,5117.638
140,2779.992
141,6046.8696
142,3929.3079
143,6302.458
144,4924.453
145,8496.881
146,6637.777
147,5538.711
148,10088.059
149,5285.1147
150,5182.0664
151,10484.62
152,7192.978
153,7311.9346
154,7618.6455
155,5271.712
156,6301.214
157,5302.6367
158,5087.001
159,11654.084
160,5977.425
161,3109.28
162,4595.2095
163,7254.008
164,7695.057
165,6673.4478
166,6975.2744
167,4834.869
168,4482.705
169,3220.7058
170,4970.821
171,5849.632
172,7088.21
173,6740.554
174,8163.48
175,7116.174
176,8584.72
177,7393.6997
178,5161.8936
179,9622.678
180,9996.274
181,5372.6875
182,7040.505
183,5298.213
184,6764.423
185,3878.672
186,6529.1265
187,4375.421
188,9372.45
189,7158.251
190,7288.9907
191,6797.2656
192,5522.099
193,7579.9907
194,19041.059
195,8625.206
196,5380.3955
197,3127.871
198,5458.909
199,7129.8022
200,5598.9033
201,13044.794
202,18601.084
203,3834.5698
204,5556.607
205,9123.6455
206,4992.727
207,9959.835
208,6310.1694
209,7516.3193
210,4707.9897
211,5483.9966
212,6184.1943
213,7410.807
214,9630.455
215,6495.175
216,6167.959
217,6440.486
218,4577.173
219,5189.793
220,6781.329
221,4839.465
222,6185.5156
223,7772.6504
224,7007.2085
225,6050.6196
226,1832.9623
227,7405.698
228,7927.008
229,7136.2046
230,6426.8013
231,5924.127
232,3327.545
233,7279.028
234,7601.9
235,4755.0083
236,4510.6157
237,15119.821
238,7091.6655
239,8674.318
240,7237.7183
241,5978.0063
242,5131.0654
243,4632.6895
244,10017.405
245,4577.487
246,6519.1514
247,14186.272
248,6107.863
249,5930.4136
250,5145.401
251,4992.5747
252,6782.668
253,3712.299
254,5599.945
255,9939.612
256,4662.8457
257,14164.897
258,13252.915
259,4902.2754
260,5296.2676
261,5010.508
262,7044.824
263,6012.018
264,12080.173
265,7449.288
266,9325.877
267,4805.943
268,7462.971
269,5015.864
270,9654.348
271,6427.255
272,5363.3228
273,6666.545
274,5513.41
275,8504.097
276,7675.691
277,5643.131
278,10098.176
279,6741.525
280,8975.801
281,5285.75
282,4484.1763
283,6297.1646
284,8640.422
285,6166.3296
286,6962.3394
287,6126.6333
288,7504.242
289,4487.193
290,8105.423
291,7153.3027
292,4037.3086
293,11558.5205
294,16453.26
295,7296.9277
296,5966.1177
297,8061.592
298,9638.413
299,10726.126
300,5513.3154
301,7434.6094
302,6012.557
303,8505.054
304,4301.202
305,5984.5215
306,5312.24
307,5973.23
308,7820.794
309,5220.8447
310,4565.643
311,6407.0864
312,3805.0696
313,4130.024
314,6010.5273
315,5621.555
316,9171.194
317,8293.437
318,7175.908
319,6020.27
320,6729.9736
321,10865.198
322,6740.966
323,5076.3564
324,4783.6646
325,6901.4126
326,4619.1606
327,6688.7163
328,3576.9617
329,5468.3574
330,9391.967
331,5067.6724
332,6144.219
333,8394.587
334,10210.792
335,11519.891
336,6115.552
337,9281.491
338,3256.2275
339,5451.39
340,7011.581
341,4483.4365
342,7688.3374
343,5018.3477
344,5301.964
345,7974.647
346,9748.208
347,8688.651
348,5216.967
349,4487.2744
350,8310.12
351,7536.0103
352,6284.054
353,5297.1313
354,7092.2676
355,10518.504
356,4017.4507
357,6348.257
358,8054.959
359,8137.694
360,12233.802
361,6320.283
362,13367.215
363,6313.053
364,5412.9595
365,3778.1167
366,5963.7227
367,6213.0054
368,5465.422
369,7479.9746
370,5005.454
371,4102.808
372,6876.385
373,4122.1323
374,6356.8184
375,6590.223
376,6716.0005
377,8108.2837
378,5498.1436
379,8960.892
380,5392.073
381,5414.2036
382,5468.363
383,5265.932
384,10299.85
385,6903.908
386,4419.435
387,6449.6147
388,8700.983
389,6463.261
390,5876.9463
391,8317.494
392,3054.878
393,5247.6104
394,6204.5664
395,7729.682
396,5835.805
397,6488.8774
398,5813.6655
399,4732.727
400,3614.3555
401,5468.227
402,7890.099
403,8377.022
404,10636.305
405,11999.253
406,8889.505
407,5600.9385
408,5346.9004
409,10086.337
410,11057.367
411,7235.468
412,8819.755
413,7428.478
414,5183.658
415,4129.752
416,8444.512
417,6422.6587
418,6620.1865
419,6129.0356
420,3155.8745
421,9627.25
422,6220.406
423,5193.269
424,4903.2295
425,6203.0576
426,6635.9473
427,7673.3555
428,6156.286
429,5378.1533
430,4587.0854
431,4342.473
432,3599.962
433,7369.6914
434,17411.924
435,4321.6587
436,5844.5566
437,6851.0166
438,4730.475
439,4350.28
440,4913.4644
441,4217.2983
442,6734.0894
443,6983.229
444,3786.4043
445,9071.125
446,5281.819
447,4710.9546
448,8748.916
449,8670.521
450,8805.676
451,5804.6665
452,6921.763
453,4689.1704
454,5100.873
455,13563.91
456,9882.403
457,6776.3115
458,5044.422
459,4651.003
460,5350.584
461,4297.3594
462,10510.11
463,4478.5425
464,5060.2817
465,7375.373
466,4507.8066
467,5344.5293
468,6558.437
469,7389.639
470,7443.45
471,4706.8535
472,5310.133
473,6288.395
474,9407.773
475,7353.5557
476,7422.359
477,4345.017
478,7082.1953
479,7287.7114
480,4518.345
481,6253.297
482,7655.9785
483,5102.3525
484,6319.198
485,5876.453
486,5873.713
487,5389.6104
488,6917.0513
489,6625.3223
490,6074.7163
491,9752.15
492,6461.32
493,5172.7866
494,12134.469
495,4738.6987
496,3421.558
497,7344.6255
498,7438.5244
499,10765.666
500,5160.52
501,6043.9863
502,5372.1187
503,7477.485
504,6082.886
505,7659.4404
506,3028.5244
507,5869.154
508,6144.2134
509,5947.34
510,4589.703
511,6684.341
512,8861.333
513,3499.926
514,8572.848
515,6544.652
516,9643.967
517,5313.7607
518,5206.4673
519,6136.816
520,8594.8955
521,5767.81
522,4247.6914
523,8454.513
524,6483.9526
525,6912.955
526,4182.787
527,4326.885
528,7799.065
529,6168.353
530,9448.2295
531,7449.189
532,5778.4653
533,7906.8535
534,6573.6304
535,6374.5967
536,7018.4727
537,5755.758
538,9075.305
539,10975.591
540,7245.143
541,4935.579
542,5811.3643
543,4333.8906
544,3242.0408
545,8563.245
546,4897.1157
547,8586.816
548,4717.1777
549,6837.0664
550,5500.9287
551,9020.687
552,4993.656
553,4926.882
554,5665.7993
555,7603.2993
556,5338.003
557,7233.2734
558,6453.165
559,7805.636
560,6852.807
561,7198.098
562,6356.479
563,4895.6865
564,4980.042
565,10206.343
566,8771.576
567,6909.8965
568,14416.137
569,5593.3145
570,6719.262
571,5425.929
572,8665.586
573,9729.945
574,7210.556
575,8222.181
576,8150.969
577,6628.2236
578,6461.671
579,5004.8906
580,4870.994
581,4545.7666
582,4442.483
583,4976.4043
584,7299.371
585,15927.332
586,6860.3804
587,4828.122
588,6612.6265
589,4524.2324
590,6493.837
591,4452.3633
592,9100.962
593,7023.475
594,6234.5845
595,12043.291
596,10116.84
597,5791.322
598,7147.478
599,4098.005
600,5195.0825
601,5617.605
602,7751.144
603,4321.0854
604,4243.1963
605,4953.3174
606,5075.248
607,6107.3213
608,6315.7334
609,3679.855
610,7326.7207
611,8203.937
612,1165.2383
613,7618.653
614,4491.711
615,7780.6167
616,4098.9824
617,9733.835
618,4750.1035
619,5464.973
620,7429.328
621,5756.669
622,4516.26
623,5412.7114
624,6893.275
625,9270.777
626,9607.217
627,5941.0464
628,4827.671
629,5969.4536
630,5383.1626
631,5061.682
632,6017.411
633,6149.6895
634,13376.116
635,6466.7764
636,5927.7837
637,7749.643
638,4592.97
639,8525.806
640,5849.3696
641,12909.577
642,6065.331
643,5159.59
644,3811.9507
645,4271.9746
646,7542.0645
647,15489.477
648,3505.7805
649,4102.327
650,9280.261
651,5648.327
652,966.2195
653,8287.245
654,4955.6235
655,4670.0166
656,3770.6887
657,9991.565
658,5149.4224
659,7295.153
660,6856.7827
661,4213.78
662,7217.1753
663,6045.5376
664,3759.759
665,7211.6636
666,8647.438
667,4782.816
668,7862.3037
669,5860.265
670,5770.765
671,8862.508
672,6934.246
673,8667.76
674,4561.086
675,5584.103
676,6474.3735
677,4663.6284
678,8429.006
679,4697.309
680,8922.488
681,4985.6885
682,6459.7915
683,6013.068
684,6853.3823
685,7733.7456
686,6083.333
687,5679.158
688,4663.8154
689,6253.7803
690,8968.074
691,9849.225
692,7024.5337
693,3046.9556
694,5599.6245
695,7039.786
696,4130.4536
697,11547.898
698,5713.6064
699,7100.139
700,10828.9375
701,6186.814
702,4028.522
703,11158.404
704,9467.1
705,5940.117
706,9202.687
707,7749.3403
708,5870.901
709,6382.6763
710,6946.665
711,5339.5713
712,5913.231
713,7240.5215
714,4175.639
715,5977.858
716,6575.8945
717,6576.0386
718,7229.3975
719,6078.2056
720,6614.3486
721,4194.3057
722,7420.922
723,5954.384
724,6456.8345
725,6993.521
726,6197.676
727,8667.454
728,6221.5747
729,4898.8115
730,5889.932
731,7666.6543
732,7056.8623
733,4779.9155
734,4388.5205
735,7910.565
736,8144.8687
737,6179.8545
738,7797.7637
739,6332.1343
740,5615.033
741,4244.9653
742,3330.775
743,6613.7427
744,7044.871
745,7002.6855
746,10153.312
747,8478.981
748,4748.812
749,7567.7754
750,4841.219
751,2945.514
752,6607.028
753,9747.474
754,6542.249
755,7193.3003
756,4541.0557
757,7057.744
758,8051.6406
759,5532.079
760,6706.2007
761,4683.368
762,4995.5854
763,4606.844
764,5696.1606
765,5610.237
766,5073.7764
767,6352.9995
768,4004.6597
769,5934.267
770,6344.6973
771,5465.3228
772,6054.176
773,7226.619
774,5549.4033
775,4944.532
776,8087.947
777,6167.0415
778,5434.942
779,3891.3616
780,10815.158
781,6871.1924
782,5007.9277
783,8149.0107
784,7521.8706
785,7844.4536
786,6185.9585
787,6743.184
788,7680.8096
789,11553.969
790,4347.2686
791,4832.0796
792,4676.596
793,6910.496
794,5909.008
795,7188.1357
796,7735.0586
797,5362.765
798,3613.118
799,5037.368
800,8684.625
801,4167.346
802,6396.0654
803,1368.6683
804,7102.5913
805,7094.717
806,6262.943
807,8647.587
808,5871.4497
809,4303.2544
810,6535.968
811,5685.3696
812,8359.71
813,6520.0903
814,8345.784
815,5683.5747
816,4590.443
817,9389.566
818,3988.0044
819,10261.158
820,6167.9414
821,4494.368
822,4919.2466
823,5724.2764
824,6467.3193
825,9115.679
826,4884.8086
827,4204.485
828,7240.2383
829,8421.275
830,8886.343
831,5103.4917
832,5056.8755
833,6038.9214
834,6456.373
835,5157.7695
836,9787.887
837,9104.644
838,10823.733
839,4197.468
840,5097.5415
841,10891.812
842,7849.9326
843,4878.015
844,9560.799
845,6406.818
846,5461.211
847,4784.454
848,4204.4727
849,5003.0103
850,5611.821
851,4682.3496
852,4488.4688
853,9484.552
854,6785.7417
855,20651.541
856,6876.2603
857,4081.285
858,8129.882
859,8603.991
860,6313.288
861,6885.4946
862,5464.1865
863,8013.808
864,8517.637
865,6200.5967
866,5851.6523
867,7100.5186
868,8139.2695
869,6767.0107
870,8159.969
871,5979.3403
872,4549.063
873,5957.349
874,9529.536
875,10107.407
876,10513.389
877,7775.149
878,4247.205
879,6068.3345
880,4417.315
881,7520.7227
882,9101.761
883,10062.487
884,5842.4165
885,5678.0913
886,4574.5757
887,6845.745
888,9793.714
889,7009.2476
890,5000.2954
891,5589.272
892,8585.31
893,3662.3135
894,7117.9385
895,4318.465
896,6377.844
897,7191.4756
898,5439.506
899,7446.4253
900,7042.0024
901,5623.8936
902,6835.0645
903,7876.1743
904,11335.253
905,6120.2085
906,8869.1875
907,7224.455
908,9273.023
909,6249.886
910,10074.799
911,5438.6914
912,5672.4453
913,6170.2007
914,5373.9277
915,8973.893
916,7620.935
917,5521.0356
918,7214.257
919,6718.666
920,9971.192
921,4018.6157
922,13033.341
923,4815.0835
924,6132.3394
925,8660.331
926,4981.6904
927,7171.755
928,6828.7046
929,7600.6816
930,5378.6304
931,4800.3076
932,10659.937
933,6746.304
934,6672.111
935,5336.15
936,6004.8545
937,10742.25
938,6411.953
939,4438.692
940,7154.9604
941,5113.8027
942,5555.383
943,6676.1597
944,4234.3613
945,7912.859
946,6184.271
947,7770.9824
948,5679.142
949,4402.596
950,5592.1035
951,5838.7676
952,8689.6045
953,8648.494
954,5457.29
955,5077.049
956,7076.2466
957,5989.187
958,5285.2153
959,7699.741
960,7015.702
961,7660.88
962,5150.439
963,4859.7075
964,6732.5547
965,7006.7007
966,9430.062
967,7648.884
968,7990.255
969,1228.3175
970,8203.561
971,5808.6045
972,3574.4783
973,9015.543
974,6874.3
975,9988.888
976,8762.871
977,7762.308
978,5544.3506
979,7025.2573
980,8091.226
981,7357.5264
982,4583.228
983,5387.662
984,7728.171
985,5643.906
986,5614.546
987,8589.24
988,6752.768
989,6246.2627
990,5835.666
991,5554.0107
992,7333.4463
993,6771.8276
994,7556.062
995,5527.5693
996,2727.8196
997,5690.0083
998,4236.135
999,5876.3633
1000,5577.8213
1001,8209.987
1002,7771.2495
1003,6459.607
1004,11259.698
1005,5947.9185
1006,4981.2915
1007,10313.238
1008,7042.211
1009,7918.5894
1010,7353.086
1011,4895.2104
1012,5957.3037
1013,6221.486
1014,5593.368
1015,12028.977
1016,6651.5425
1017,3378.6594
1018,4796.893
1019,8184.499
1020,8670.042
1021,6883.4854
1022,7341.915
1023,4593.2417
1024,5193.2095
1025,3280.8945
1026,4967.569
1027,5373.0615
1028,7379.039
1029,6877.7886
1030,7970.814
1031,7313.12
1032,8602.884
1033,7078.353
1034,5622.156
1035,9519.153
1036,10101.441
1037,6228.771
1038,7717.5566
1039,5010.5317
1040,6285.6367
1041,4195.5503
1042,7868.298
1043,5200.8887
1044,9097.117
1045,6839.2773
1046,7926.6147
1047,7441.1646
1048,5071.183
1049,8374.617
1050,16597.865
1051,10807.991
1052,6164.6772
1053,3540.6804
1054,6074.583
1055,9359.274
1056,6647.439
1057,12437.06
1058,17755.854
1059,4542.988
1060,6860.158
1061,8275.215
1062,5102.912
1063,10389.208
1064,6885.744
1065,7414.625
1066,4678.921
1067,6317.125
1068,6432.192
1069,7122.2373
1070,10179.86
1071,6433.732
1072,5733.752
1073,7984.617
1074,5302.025
1075,5128.57
1076,7783.89
1077,5430.5737
1078,5925.7827
1079,7664.3003
1080,6636.1436
1081,6771.0527
1082,2158.1804
1083,7115.7666
1084,7407.542
1085,6445.537
1086,6942.7036
1087,5868.4937
1088,3625.6892
1089,7736.9844
1090,7267.5674
1091,5351.0127
1092,5306.7554
1093,17368.27
1094,7833.9785
1095,9918.049
1096,6921.308
1097,5213.032
1098,5644.9717
1099,4301.506
1100,10026.247
1101,5057.382
1102,6639.0747
1103,12906.685
1104,6679.032
1105,6067.322
1106,4904.0947
1107,4759.6733
1108,6806.693
1109,3891.9666
1110,7117.8027
1111,9466.134
1112,4961.1997
1113,16634.902
1114,13754.249
1115,4964.6465
1116,5933.1973
1117,5565.89
1118,6793.5845
1119,6174.681
1120,12588.333
1121,7176.2026
1122,9284.121
1123,5475.8735
1124,7220.0186
1125,5028.362
1126,10598.492
1127,6745.378
1128,6157.214
1129,6841.4956
1130,5862.7812
1131,8040.237
1132,7196.9307
1133,5850.564
1134,10144.541
1135,6391.022
1136,8760.84
1137,5787.843
1138,5236.0405
1139,5945.3774
1140,9784.471
1141,5823.522
1142,7175.799
1143,7043.628
1144,8499.069
1145,4610.6206
1146,8560.559
1147,6722.942
1148,3811.3506
1149,13474.428
1150,14686.056
1151,7080.669
1152,6876.818
1153,8979.929
1154,10036.685
1155,10373.939
1156,6301.238
1157,7553.785
1158,5497.388
1159,8155.6665
1160,4129.811
1161,6660.329
1162,5703.054
1163,6935.4233
1164,7773.1543
1165,5540.856
1166,5189.6343
1167,6592.1846
1168,4187.57
1169,4730.159
1170,6523.2505
1171,6587.9604
1172,8897.1045
1173,8660.307
1174,6941.128
1175,6253.2017
1176,6125.12
1177,10778.838
1178,7517.61
1179,5796.4116
1180,5209.94
1181,7602.262
1182,4400.7485
1183,7288.3926
1184,3335.7417
1185,5380.7344
1186,10714.307
1187,5669.2915
1188,6323.497
1189,7985.1577
1190,9110.532
1191,11169.169
1192,6098.979
1193,10334.014
1194,3158.3804
1195,5942.2876
1196,6435.4688
1197,4998.6597
1198,7705.854
1199,5727.3564
1200,5184.2314
1201,7710.589
1202,12057.98
1203,9005.153
1204,6092.2114
1205,4853.986
1206,9109.082
1207,6992.487
1208,6146.3877
1209,5521.383
1210,6716.9614
1211,11815.562
1212,4532.158
1213,6281.453
1214,7903.9585
1215,8310.658
1216,11871.374
1217,5867.553
1218,12590.206
1219,6705.4136
1220,5052.541
1221,3473.3145
1222,6239.623
1223,6749.4453
1224,5680.6426
1225,7156.715
1226,5092.72
1227,4769.3267
1228,7120.424
1229,4094.6367
1230,7377.2583
1231,6684.5513
1232,8124.6416
1233,8632.918
1234,5734.3696
1235,8605.887
1236,6143.2114
1237,5708.671
1238,5905.1597
1239,5119.767
1240,11384.138
1241,6005.616
1242,5259.4316
1243,7643.7495
1244,9408.581
1245,7126.1377
1246,7320.5806
1247,8030.2505
1248,1774.0156
1249,5967.4497
1250,6925.3955
1251,7982.6904
1252,6328.324
1253,6332.654
1254,6280.333
1255,5150.2573
1256,3978.1865
1257,5262.237
1258,8033.5522
1259,8016.4375
1260,9794.189
1261,12444.404
1262,8346.118
1263,5334.9946
1264,5044.282
1265,9704.709
1266,10708.218
1267,7880.0664
1268,8535.325
1269,8584.981
1270,5950.4663
1271,3921.6726
1272,9886.862
1273,6932.798
1274,6728.9595
1275,7242.4624
1276,3113.8188
1277,11176.33
1278,6465.2466
1279,4790.5874
1280,4690.15
1281,6343.2085
1282,6709.3804
1283,9732.201
1284,6616.803
1285,5315.9
1286,5003.96
1287,4541.2593
1288,3365.4097
1289,7041.7
1290,17292.422
1291,2712.5513
1292,6140.78
1293,7263.541
1294,5228.749
1295,5137.2554
1296,5021.757
1297,4669.1836
1298,7093.1064
1299,6876.9556
1300,4537.107
1301,8837.674
1302,6106.6045
1303,5364.581
1304,8545.923
1305,8398.294
1306,9258.512
1307,5888.1235
1308,7079.3926
1309,5317.107
1310,4917.0464
1311,13575.52
1312,9751.211
1313,6039.509
1314,5649.6636
1315,5027.4604
1316,5897.6113
1317,4227.2505
1318,8490.174
1319,5278.3535
1320,5688.489
1321,7113.208
1322,4839.1187
1323,5656.355
1324,7811.1924
1325,7273.7812
1326,7872.5317
1327,4624.345
1328,6219.5156
1329,6736.8457
1330,9222.369
1331,8285.174
1332,7052.1724
1333,5060.388
1334,7709.2134
1335,6925.719
1336,4185.505
1337,7399.5483
1338,7364.4424
1339,5845.8447
1340,6233.1333
1341,6319.5356
1342,6601.3335
1343,5786.4575
1344,6604.306
1345,7377.0825
1346,7336.819
1347,9884.948
1348,5915.7925
1349,5126.4077
1350,11159.873
1351,5330.9604
1352,4377.938
1353,8627.024
1354,10259.71
1355,12391.404
1356,5075.03
1357,5742.5474
1358,6332.4966
1359,7547.62
1360,6530.6025
1361,8121.2944
1362,3269.2222
1363,7147.485
1364,6809.368
1365,5991.1807
1366,5369.265
1367,6253.094
1368,8648.973
1369,3354.4126
1370,10524.866
1371,7172.309
1372,8881.674
1373,5347.6655
1374,6433.3945
1375,6845.6274
1376,8628.424
1377,6597.154
1378,4297.8926
1379,7775.542
1380,6188.0474
1381,7626.7524
1382,4549.2236
1383,4737.673
1384,9495.133
1385,7371.4697
1386,8762.503
1387,6773.1777
1388,5756.4
1389,7996.8115
1390,7038.9404
1391,7446.8516
1392,8126.5405
1393,6580.054
1394,8639.12
1395,11213.037
1396,8378.964
1397,5253.36
1398,6362.7993
1399,4669.669
1400,3309.0393
1401,9707.041
1402,5541.67
1403,8311.261
1404,4876.973
1405,6527.9995
1406,6241.653
1407,4641.505
1408,5127.67
1409,5393.133
1410,6052.669
1411,7577.4824
1412,5171.139
1413,7521.44
1414,7229.17
1415,7927.6807
1416,7365.6714
1417,6499.5625
1418,5700.9546
1419,4767.78
1420,5104.1973
1421,10712.661
1422,9212.962
1423,6677.1787
1424,13614.82
1425,6638.6694
1426,750.8843
1427,6501.274
1428,8105.3535
1429,10963.873
1430,7079.7773
1431,7724.361
1432,7731.6436
1433,7913.908
1434,6815.5537
1435,5656.9487
1436,5707.4785
1437,4933.706
1438,4420.021
1439,5778.8345
1440,7668.658
1441,18302.838
1442,6683.3594
1443,4651.4644
1444,7740.7046
1445,4073.8635
1446,5945.7573
1447,4478.4185
1448,9133.31
1449,6377.984
1450,6043.3003
1451,12243.992
1452,11470.423
1453,5917.209
1454,6912.751
1455,3676.9214
1456,5255.069
1457,5519.4243
1458,8247.259
1459,3060.464
1460,4387.4907
1461,5742.7114
1462,5429.336
1463,6791.3296
1464,6960.035
1465,3543.2788
1466,6679.0195
1467,8039.6616
1468,1193.7473
1469,7453.5596
1470,5143.154
1471,7454.427
1472,4851.51
1473,9975.815
1474,4478.9736
1475,5112.8564
1476,8167.2495
1477,6591.713
1478,5027.8345
1479,5489.026
1480,7285.0566
1481,9156.922
1482,9701.22
1483,5521.9624
1484,4693.6187
1485,5770.7153
1486,6392.3755
1487,4635.7793
1488,6771.117
1489,6043.4966
1490,1635.9272
1491,7221.0586
1492,5609.5786
1493,8002.6484
1494,5457.821
1495,7094.406
1496,5934.771
1497,12797.078
1498,6511.557
1499,5423.223
1500,4279.6177
1501,3996.9924
1502,7289.394
1503,14753.582
1504,4171.455
1505,3923.9666
1506,10304.674
1507,6812.3496
1508,2146.3164
1509,7554.902
1510,5677.4087
1511,5011.244
1512,4149.7217
1513,9596.19
1514,5773.909
1515,7068.442
1516,7674.8706
1517,4871.2686
1518,7132.0195
1519,5596.1855
1520,3329.8948
1521,8592.272
1522,8133.1313
1523,5564.1436
1524,7292.3145
1525,5829.663
1526,5425.4995
1527,9501.501
1528,6167.7827
1529,10082.162
1530,4428.8584
1531,5401.3545
1532,6988.873
1533,4343.9604
1534,8105.423
1535,6346.186
1536,9239.678
1537,4819.711
1538,5861.5566
1539,6011.479
1540,6673.3013
1541,7531.8853
1542,6616.6895
1543,6333.3423
1544,4990.37
1545,6842.8467
1546,9209.878
1547,9354.366
1548,7140.092
1549,3368.4287
1550,6613.73
1551,6894.189
1552,4881.2686
1553,10680.83
1554,5923.912
1555,7121.8096
1556,10595.298
1557,6564.0005
1558,5140.5786
1559,160.33989
1560,10045.074
1561,5525.698
1562,8839.95
1563,7687.0615
1564,6321.453
1565,6417.5576
1566,6886.802
1567,6462.0225
1568,6934.9204
1569,6551.472
1570,4891.6626
1571,6775.7427
1572,6965.84
1573,6802.5454
1574,8919.383
1575,6045.0703
1576,6617.914
1577,3931.5574
1578,7680.9785
1579,6848.5405
1580,6089.597
1581,7104.1294
1582,6611.3965
1583,8569.806
1584,5915.6455
1585,5831.0645
1586,6058.7856
1587,6998.5454
1588,6766.6235
1589,4633.2065
1590,5278.283
1591,9913.916
1592,7184.407
1593,6254.991
1594,8266.68
1595,6049.1772
1596,7112.781
1597,4726.772
1598,3925.4678
1599,7209.703
1600,6462.953
1601,6842.364
1602,11611.17
1603,9371.815
1604,4777.121
1605,8394.378
1606,5239.4927
1607,3444.7488
1608,7198.8325
1609,12222.478
1610,7824.353
1611,7253.717
1612,5574.449
1613,7220.7417
1614,10374.315
1615,6184.5776
1616,7534.271
1617,5619.293
1618,4876.2334
1619,5314.0747
1620,5485.0376
1621,5536.255
1622,5758.674
1623,6621.9614
1624,4451.7476
1625,7083.8643
1626,7738.4824
1627,5556.236
1628,5976.763
1629,6628.5713
1630,5303.451
1631,5524.112
1632,8301.453
1633,6966.8364
1634,5379.559
1635,4658.0264
1636,12307.132
1637,7036.698
1638,5681.824
1639,8758.233
1640,8032.342
1641,7685.3384
1642,5319.5874
1643,7011.1934
1644,9201.528
1645,14230.191
1646,5518.345
1647,4878.7925
1648,4887.745
1649,6735.4126
1650,5658.5137
1651,9821.974
1652,9189.425
1653,6026.1187
1654,4295.167
1655,5755.4775
1656,8077.4854
1657,5124.325
1658,7119.432
1659,3099.8767
1660,7607.7754
1661,8517.629
1662,7080.743
1663,9106.111
1664,6675.3003
1665,4560.1724
1666,6114.438
1667,6802.234
1668,8301.326
1669,7239.5547
1670,7848.3755
1671,6155.646
1672,4523.0757
1673,9486.416
1674,4644.149
1675,10215.225
1676,5844.6123
1677,4982.27
1678,4989.3184
1679,6802.779
1680,7819.951
1681,1069.5878
1682,5468.655
1683,4880.026
1684,8328.545
1685,9842.145
1686,10451.882
1687,5770.3906
1688,5903.155
1689,7047.385
1690,6067.663
1691,6206.502
1692,9876.3545
1693,9002.637
1694,12025.833
1695,4829.5684
1696,5928.5474
1697,10613.402
1698,7866.842
1699,5885.215
1700,9034.515
1701,7467.471
1702,6033.371
1703,5250.2593
1704,4985.8594
1705,5602.2153
1706,6730.8335
1707,5326.381
1708,5383.897
1709,9140.378
1710,6722.9805
1711,19766.326
1712,7469.0737
1713,4442.6987
1714,9437.736
1715,10680.453
1716,6944.227
1717,7858.795
1718,5876.756
1719,8291.735
1720,9250.982
1721,6003.48
1722,6299.573
1723,7475.2246
1724,9238.242
1725,7299.2456
1726,8445.816
1727,7205.1797
1728,4717.1016
1729,6369.947
1730,10454.623
1731,11113.7
1732,12200.977
1733,9038.092
1734,5138.9414
1735,6620.6855
1736,4970.508
1737,8626.563
1738,9789.94
1739,10253.742
1740,6342.9604
1741,5066.459
1742,4394.3223
1743,7223.208
1744,10413.066
1745,7666.289
1746,5174.302
1747,6194.62
1748,9064.932
1749,3976.4868
1750,7662.5312
1751,4634.9307
1752,6564.996
1753,7371.519
1754,5689.1885
1755,7825.786
1756,7501.437
1757,6019.282
1758,7808.7935
1759,8066.922
1760,12786.465
1761,6592.6562
1762,9846.191
1763,7451.512
1764,10112.826
1765,7173.034
1766,11467.0
1767,5820.24
1768,6540.408
1769,7445.7793
1770,5774.961
1771,9905.089
1772,7605.5625
1773,6236.547
1774,8046.405
1775,6905.818
1776,11322.071
1777,4437.574
1778,14406.405
1779,5290.3247
1780,6492.1523
1781,9977.681
1782,5345.2686
1783,8011.1943
1784,7737.6484
1785,8813.011
1786,6515.9624
1787,5548.117
1788,11524.803
1789,7824.0845
1790,7748.7046
1791,5992.541
1792,6471.836
1793,11941.951
1794,7078.6094
1795,4628.105
1796,7743.8506
1797,5427.125
1798,5901.4717
1799,6798.446
1800,4604.986
1801,9099.886
1802,6794.9775
1803,8182.7583
1804,6313.9385
1805,4864.452
1806,5965.236
1807,6088.337
1808,9339.736
1809,9165.904
1810,5646.706
1811,5629.5933
1812,7453.7515
1813,6407.0986
1814,6236.446
1815,7809.449
1816,7453.8867
1817,8214.193
1818,5943.8125
1819,5391.518
1820,7486.2266
1821,7608.3267
1822,9616.861
1823,8084.075
1824,8737.342
1825,1335.4951
1826,8967.449
1827,6332.9375
1828,4071.61
1829,9722.914
1830,7315.764
1831,11474.352
1832,8999.255
1833,8374.674
1834,6193.391
1835,8011.561
1836,8235.672
1837,7415.1694
1838,4814.1787
1839,5931.33
1840,8630.53
1841,5812.562
1842,5749.804
1843,9556.441
1844,7222.2227
1845,7008.412
1846,6444.855
1847,6151.725
1848,8353.382
1849,7174.649
1850,7872.554
1851,5851.9087
1852,2898.4136
1853,6404.276
1854,4675.387
1855,6783.8843
1856,6034.309
1857,8777.702
1858,8142.888
1859,6137.085
1860,11748.946
1861,6430.891
1862,5252.8687
1863,11567.288
1864,7436.0986
1865,8525.569
1866,8125.3853
1867,5118.0825
1868,6417.2085
1869,6514.0483
1870,5995.577
1871,13480.598
1872,6720.313
1873,3755.9126
1874,4702.0117
1875,8453.804
1876,8982.824
1877,7756.121
1878,7862.9937
1879,5011.7793
1880,5671.374
1881,3594.9995
1882,5478.465
1883,5679.0664
1884,7978.801
1885,7665.1045
1886,6920.047
1887,7666.896
1888,9560.133
1889,7251.047
1890,5747.7314
1891,10504.479
1892,11214.898
1893,6769.2314
1894,8106.0107
1895,5541.5435
1896,6971.4365
1897,4536.8687
1898,8389.704
1899,5484.912
1900,10270.195
1901,7341.9917
1902,8376.167
1903,7993.1284
1904,5296.9443
1905,9124.507
1906,20325.691
1907,12890.79
1908,6941.7104
1909,3746.0583
1910,6321.5977
1911,10232.543
1912,6710.507
1913,12746.637
1914,17019.035
1915,4749.025
1916,7045.543
1917,8798.271
1918,5483.4263
1919,12042.717
1920,8042.1157
1921,8221.334
1922,4735.125
1923,6585.837
1924,7015.769
1925,7933.8228
1926,10965.368
1927,6612.9165
1928,5939.352
1929,7992.526
1930,5607.3315
1931,5698.0625
1932,8107.874
1933,5859.231
1934,6401.693
1935,8713.142
1936,7636.0254
1937,7520.242
1938,2214.5957
1939,7744.966
1940,7999.054
1941,6896.392
1942,6929.287
1943,6449.184
1944,3851.1355
1945,8634.334
1946,8276.684
1947,6002.3633
1948,5482.6523
1949,18831.852
1950,8723.727
1951,10526.442
1952,7809.9106
1953,5727.6406
1954,6165.2593
1955,4805.333
1956,11321.466
1957,5236.735
1958,7169.6074
1959,14239.572
1960,6926.961
1961,6369.8677
1962,5108.625
1963,5296.111
1964,8150.5264
1965,4006.8225
1966,7284.9873
1967,10690.431
1968,5245.0684
1969,17722.322
1970,15756.512
1971,5204.5312
1972,6143.9263
1973,5952.8506
1974,7715.7163
1975,6841.8613
1976,8749.041
1977,7758.289
1978,10164.754
1979,6251.8774
1980,8146.912
1981,5103.039
1982,11858.066
1983,7302.839
1984,6530.97
1985,7359.3306
1986,5877.389
1987,9090.378
1988,8112.221
1989,6189.535
1990,11475.84
1991,6660.5894
1992,10445.653
1993,6172.55
1994,5850.6978
1995,6667.187
1996,10575.439
1997,6297.9634
1998,8007.8174
1999,7587.13
2000,8833.704
2001,5319.42
2002,9534.755
2003,7539.54
2004,4431.9185
2005,14801.19
2006,16751.697
2007,7561.137
2008,7282.8125
2009,9736.49
2010,10938.586
2011,11559.182
2012,6951.457
2013,8232.594
2014,5972.922
2015,9113.288
2016,4510.693
2017,7550.5073
2018,6034.9136
2019,7337.0566
2020,8865.923
2021,6091.8276
2022,5406.6226
2023,7124.772
2024,4540.09
2025,4768.3257
2026,7060.188
2027,7061.9727
2028,9809.625
2029,9426.258
2030,7699.947
2031,6739.0757
2032,6668.669
2033,12059.395
2034,8130.4243
2035,6075.858
2036,5697.345
2037,8051.3105
2038,4876.145
2039,7989.028
2040,3785.1692
2041,5997.9106
2042,11808.498
2043,6022.0444
2044,6687.81
2045,8423.476
2046,10006.472
2047,12174.753
2048,6647.978
2049,10126.725
2050,3542.819
2051,6309.321
2052,6989.0464
2053,5267.691
2054,9150.88
2055,6263.1226
2056,5772.114
2057,8672.168
2058,13263.676
2059,9261.532
2060,6426.3906
2061,5216.7876
2062,9652.902
2063,7086.493
2064,7072.529
2065,6159.8105
2066,7350.4424
2067,12968.614
2068,4711.629
2069,7144.602
2070,8778.623
2071,9206.777
2072,14112.645
2073,6052.0283
2074,14312.348
2075,7607.7607
2076,5483.233
2077,3855.9216
2078,7053.679
2079,7161.051
2080,6217.161
2081,7723.9263
2082,5600.8745
2083,4916.8213
2084,7893.863
2085,4589.1074
2086,7788.9106
2087,7429.5977
2088,8648.956
2089,9372.889
2090,6138.215
2091,9760.702
2092,6479.0625
2093,5993.3813
2094,6112.053
2095,5685.912
2096,12565.603
2097,6701.558
2098,5735.338
2099,7571.248
2100,10156.74
2101,7890.769
2102,7718.7197
2103,8908.95
2104,1942.9224
2105,5942.327
2106,7460.601
2107,8220.252
2108,7382.1714
2109,7009.642
2110,6741.0815
2111,5409.527
2112,4236.4746
2113,5641.6777
2114,8147.728
2115,9142.897
2116,10805.239
2117,14221.44
2118,8968.15
2119,5937.834
2120,5610.9536
2121,10806.002
2122,12070.81
2123,8285.056
2124,9321.911
2125,9347.508
2126,6485.53
2127,4602.6626
2128,10196.623
2129,7443.876
2130,7566.6924
2131,7641.4536
2132,3389.2349
2133,11955.216
2134,6708.299
2135,5304.392
2136,5082.9946
2137,6353.9087
2138,7592.0815
2139,10080.845
2140,7001.717
2141,5774.355
2142,5377.697
2143,4981.4717
2144,3684.966
2145,7975.3696
2146,17513.066
2147,5230.6646
2148,6556.1665
2149,7968.161
2150,5474.474
2151,5542.891
2152,5311.4194
2153,5207.9775
2154,7379.8906
2155,7302.1074
2156,5004.108
2157,9776.989
2158,6888.7134
2159,5753.079
2160,9247.233
2161,9183.694
2162,10147.619
2163,6558.631
2164,7847.23
2165,5625.8306
2166,5314.6885
2167,14327.85
2168,10455.73
2169,6541.6123
2170,5694.341
2171,5219.172
2172,6445.968
2173,4668.2393
2174,9594.406
2175,5814.5303
2176,5866.501
2177,8002.1904
2178,4973.154
2179,6845.8887
2180,8222.572
2181,7827.8765
2182,8327.885
2183,5258.704
2184,6574.1636
2185,7086.263
2186,10040.831
2187,9013.97
2188,7836.2427
2189,5563.072
2190,7642.27
2191,8152.594
2192,4302.487
2193,7699.8223
2194,8212.682
2195,5847.0884
2196,6713.413
2197,6922.239
2198,7040.357
2199,6136.7104
2200,7105.776
2201,7504.242
2202,8163.8853
2203,10631.477
2204,6496.228
2205,5617.91
2206,12358.923
2207,5804.6997
2208,4861.8726
2209,9141.215
2210,6629.501
2211,12920.355
2212,5479.646
2213,6429.916
2214,6480.138
2215,8216.23
2216,6534.366
2217,8621.645
2218,3431.7832
2219,7508.581
2220,7099.929
2221,6504.344
2222,5691.9517
2223,6911.0303
2224,9517.81
2225,3870.275
2226,11352.574
2227,7785.828
2228,9827.043
2229,5560.594
2230,6428.064
2231,7409.7188
2232,9106.9795
2233,6966.6636
2234,4606.8047
2235,8113.0723
2236,6402.047
2237,8196.248
2238,4989.8516
2239,5112.3345
2240,9019.018
2241,7613.3647
2242,9748.905
2243,7843.309
2244,6263.8335
2245,8365.293
2246,7864.5986
2247,8482.177
2248,8508.94
2249,6972.64
2250,9433.11
2251,12118.092
2252,8744.945
2253,5684.415
2254,6727.9966
2255,4927.4272
2256,3733.1697
2257,10689.972
2258,5251.296
2259,9598.827
2260,5032.1475
2261,7482.7646
2262,6849.7295
2263,10479.841
2264,5256.7534
2265,5582.9526
2266,6563.6123
2267,7740.402
2268,5638.057
2269,7708.89
2270,7662.1733
2271,8598.38
2272,7606.2515
2273,7273.344
2274,6090.8633
2275,5394.836
2276,5379.2256
2277,11649.55
2278,10211.63
2279,7493.142
2280,13797.883
2281,7108.0605
2282,823.58246
2283,7019.551
2284,9028.201
2285,11688.079
2286,7635.3774
2287,8807.036
2288,8601.382
2289,8304.589
2290,7108.1216
2291,6117.553
2292,5823.683
2293,5253.911
2294,4942.981
2295,6106.36
2296,8475.868
2297,21454.94
2298,7472.1094
2299,5214.5586
2300,8178.311
2301,4238.3013
2302,6370.3477
2303,4894.748
2304,9912.952
2305,6957.155
2306,7115.4272
2307,13881.846
2308,10627.401
2309,6335.838
2310,7753.347
2311,3581.1406
2312,5495.4224
2313,6205.2944
2314,8584.139
2315,5448.5156
2316,4588.101
2317,5906.9683
2318,5722.5127
2319,7430.866
2320,7563.7485
2321,3705.637
2322,7428.18
2323,8986.826
2324,1351.9974
2325,8691.279
2326,5431.2886
2327,8440.944
2328,4909.192
2329,11197.894
2330,4809.02
2331,5586.0317
2332,8631.3125
2333,6701.347
2334,5216.5938
2335,5727.0503
2336,8106.0337
2337,10201.924
2338,10998.991
2339,5948.293
2340,5043.8203
2341,6406.9155
2342,6796.8965
2343,5051.018
2344,7395.837
2345,6690.037
2346,1669.4955
2347,7809.8735
2348,6202.8623
2349,8758.994
2350,5459.1953
2351,8122.2163
2352,6544.171
2353,14219.609
2354,6951.8813
2355,5836.3955
2356,4698.8057
2357,3719.6724
2358,7929.3066
2359,15898.42
2360,4446.8584
2361,4098.181
2362,11131.819
2363,7139.765
2364,2169.4922
2365,8463.549
2366,6066.3784
2367,5070.936
2368,4684.208
2369,11148.809
2370,6163.8247
2371,7737.892
2372,8508.275
2373,4953.6196
2374,7819.936
2375,6068.4214
2376,3956.354
2377,9283.926
2378,8979.08
2379,5706.613
2380,8232.963
2381,6414.51
2382,5605.513
2383,9960.395
2384,6906.233
2385,10714.378
2386,4862.9536
2387,5580.0566
2388,7671.9653
2389,5465.5312
2390,9253.03
2391,7228.9424
2392,9672.781
2393,5561.602
2394,6702.159
2395,6595.3735
2396,7549.535
2397,8507.724
2398,6809.6733
2399,6834.6343
2400,5003.349
2401,7400.812
2402,10014.387
2403,10671.269
2404,7778.346
2405,3565.0557
2406,7197.583
2407,7989.8584
2408,4929.7827
2409,11554.002
2410,6230.221
2411,7772.428
2412,11577.365
2413,7425.2974
2414,5197.7593
2415,163.8506
2416,11168.37
2417,6108.8647
2418,9597.316
2419,9074.976
2420,6526.6797
2421,7149.3394
2422,7539.31
2423,7135.5986
2424,6973.977
2425,7327.273
2426,5199.5195
2427,7326.176
2428,7017.81
2429,7545.2305
2430,9654.1455
2431,6762.417
2432,7313.6714
2433,4181.662
2434,8052.4395
2435,7334.118
2436,6716.7886
2437,7727.2715
2438,6930.53
2439,9413.652
2440,6634.188
2441,6128.416
2442,6721.5117
2443,7337.3643
2444,7422.8545
2445,5177.422
2446,5355.072
2447,9966.933
2448,7262.98
2449,6942.8228
2450,8962.533
2451,6538.7056
2452,7352.4966
2453,4966.6357
2454,3768.8728
2455,8874.984
2456,7022.9395
2457,8133.581
2458,11909.16
2459,9555.047
2460,5167.431
2461,9145.627
2462,5520.456
2463,3185.2922
2464,7673.136
2465,12489.159
2466,8197.804
2467,8235.421
2468,6137.009
2469,8097.673
2470,11417.64
2471,6802.8633
2472,8029.3164
2473,5351.11
2474,4352.3677
2475,5894.7095
2476,5949.6147
2477,6212.928
2478,6216.5386
2479,9323.369
2480,4751.5806
2481,7403.9536
2482,8711.62
2483,5954.0317
2484,6779.0913
2485,7233.26
2486,5801.8604
2487,6312.8486
2488,8613.442
2489,7367.7305
2490,5491.932
2491,5059.2637
2492,14382.93
2493,7299.7954
2494,6507.931
2495,9286.078
2496,9173.671
2497,8778.129
2498,6145.544
2499,7643.0933
2500,9705.375
2501,16031.253
2502,5930.623
2503,5632.628
2504,4971.6787
2505,7147.662
2506,5899.0684
2507,9684.588
2508,9268.284
2509,6109.937
2510,4369.398
2511,6320.9463
2512,8657.705
2513,6952.0337
2514,7668.3438
2515,3081.9487
2516,7479.646
2517,9402.041
2518,7281.278
2519,9897.685
2520,7045.973
2521,4724.261
2522,6396.346
2523,7529.027
2524,8919.519
2525,7359.127
2526,8218.229
2527,6377.8257
2528,4990.694
2529,10311.458
2530,4699.3394
2531,10986.955
2532,6185.032
2533,5171.553
2534,5453.8765
2535,6933.922
2536,7311.3975
2537,1132.7161
2538,5922.33
2539,5149.594
2540,8928.26
2541,11798.951
2542,10403.516
2543,6004.694
2544,6475.7075
2545,7660.142
2546,6494.0415
2547,6420.913
2548,10194.386
2549,9709.208
2550,12526.558
2551,4858.2334
2552,6223.2544
2553,10727.824
2554,8443.884
2555,6480.342
2556,9946.934
2557,7545.101
2558,6437.3413
2559,5499.8115
2560,5332.9644
2561,5787.876
2562,12961.232
2563,5541.11
2564,5858.767
2565,9895.325
2566,6789.814
2567,22861.764
2568,7593.827
2569,5123.035
2570,9469.999
2571,11598.541
2572,8402.581
2573,9397.944
2574,6758.554
2575,9578.643
2576,10914.472
2577,8272.138
2578,7286.1616
2579,9032.1455
2580,10479.621
2581,8898.794
2582,12330.431
2583,8521.375
2584,2674.4946
2585,8051.0337
2586,12270.611
2587,11794.687
2588,12797.249
2589,11407.593
2590,5117.1987
2591,7654.6494
2592,5684.1387
2593,9925.421
2594,12604.251
2595,12396.038
2596,7860.3843
2597,5297.0103
2598,4123.0566
2599,10101.182
2600,11957.28
2601,9069.663
2602,6886.368
2603,8021.876
2604,9196.211
2605,4380.5947
2606,8802.309
2607,5868.2974
2608,10510.712
2609,11331.88
2610,6822.2983
2611,9806.407
2612,5075.9355
2613,7136.252
2614,8806.087
2615,9734.968
2616,15268.471
2617,7982.3633
2618,10512.256
2619,7374.768
2620,11441.927
2621,8501.413
2622,13621.249
2623,7044.905
2624,7214.6284
2625,7901.5234
2626,7071.6113
2627,15494.662
2628,9403.027
2629,7433.8506
2630,9869.527
2631,8866.634
2632,12904.579
2633,5309.8794
2634,16706.688
2635,6014.645
2636,8106.4824
2637,11454.801
2638,6241.4746
2639,9503.3955
2640,9314.827
2641,10571.738
2642,7482.5435
2643,7332.978
2644,14493.048
2645,9145.112
2646,8470.091
2647,7106.2773
2648,7325.093
2649,15952.462
2650,7907.4795
2651,5721.465
2652,9524.402
2653,6067.779
2654,4353.4805
2655,5026.99
2656,5222.2593
2657,11163.173
2658,7529.709
2659,11014.087
2660,7165.977
2661,5270.284
2662,8199.125
2663,7516.42
2664,11109.439
2665,11514.893
2666,6983.196
2667,7057.1787
2668,10034.627
2669,7557.4893
2670,3372.2163
2671,11135.047
2672,9787.317
2673,9684.182
2674,7248.205
2675,5910.1973
2676,9253.586
2677,8424.151
2678,10088.943
2679,9842.37
2680,10621.99
2681,8332.112
2682,10700.55
2683,6981.2246
2684,4571.256
2685,11979.859
2686,8826.976
2687,12733.198
2688,9655.48
2689,12029.332
2690,7409.16
2691,8735.333
2692,10208.475
2693,8534.486
2694,4807.7905
2695,6314.101
2696,10729.533
2697,7369.0166
2698,6931.4688
2699,11516.013
2700,7484.556
2701,3536.5757
2702,6913.2256
2703,7333.5024
2704,8991.747
2705,8533.095
2706,10615.862
2707,7119.894
2708,5126.051
2709,8672.209
2710,5411.6636
2711,7774.667
2712,7680.099
2713,10448.861
2714,9102.681
2715,8157.308
2716,14453.625
2717,7056.014
2718,6211.8677
2719,12215.333
2720,8852.817
2721,10329.846
2722,8736.575
2723,6331.7295
2724,7472.9575
2725,7124.4727
2726,6672.926
2727,15587.73
2728,7655.8545
2729,4526.628
2730,5264.8525
2731,10239.143
2732,11384.202
2733,8417.693
2734,9227.384
2735,5754.3687
2736,6514.222
2737,4196.047
2738,5647.783
2739,6893.0776
2740,9482.426
2741,8559.701
2742,7774.697
2743,9228.167
2744,11573.501
2745,9032.163
2746,6901.8145
2747,11525.804
2748,14823.187
2749,8291.648
2750,8980.674
2751,6423.976
2752,8489.008
2753,6106.8257
2754,9415.529
2755,7017.0938
2756,11267.024
2757,9138.678
2758,9881.056
2759,9043.455
2760,6471.663
2761,11387.884
2762,22486.09
2763,15675.69
2764,7796.611
2765,4689.913
2766,7905.685
2767,10519.187
2768,8437.258
2769,12939.47
2770,19652.602
2771,6276.638
2772,8474.131
2773,10275.369
2774,6500.127
2775,13986.008
2776,8797.415
2777,10065.156
2778,5242.3325
2779,8943.593
2780,9661.745
2781,8917.494
2782,15751.147
2783,8042.423
2784,7056.014
2785,9781.27
2786,8077.3853
2787,6477.246
2788,10919.303
2789,8001.496
2790,7868.365
2791,10107.263
2792,8426.176
2793,7859.4473
2794,2643.2876
2795,9297.466
2796,10967.397
2797,8590.731
2798,8341.996
2799,7121.0825
2800,4654.562
2801,9812.423
2802,9565.679
2803,7353.0996
2804,6096.1294
2805,21434.262
2806,11197.541
2807,12292.973
2808,8345.084
2809,7183.6396
2810,7289.401
2811,5676.813
2812,13180.107
2813,7409.5205
2814,7737.0654
2815,16698.77
2816,8251.397
2817,7076.355
2818,6567.075
2819,6045.664
2820,9358.408
2821,4470.9404
2822,8468.272
2823,11499.506
2824,6188.5786
2825,18311.918
2826,17401.764
2827,6629.7666
2828,7438.78
2829,6834.7124
2830,8797.684
2831,6988.1196
2832,14173.763
2833,9170.25
2834,11889.765
2835,3085.8352
2836,9025.024
2837,6167.4
2838,5969.522
2839,8988.763
2840,7989.4697
2841,8616.079
2842,6453.282
2843,11242.454
2844,9646.138
2845,7804.46
2846,14157.361
2847,7836.848
2848,12437.558
2849,6511.3706
2850,8266.908
2851,7984.145
2852,13699.838
2853,7767.5884
2854,9839.226
2855,9089.086
2856,10670.23
2857,5794.897
2858,9687.8125
2859,8183.297
2860,5410.275
2861,17455.885
2862,19701.469
2863,9504.864
2864,9168.256
2865,11058.327
2866,12579.859
2867,12943.58
2868,7960.269
2869,10115.903
2870,7152.586
2871,10630.787
2872,5493.808
2873,7984.404
2874,7430.37
2875,9262.504
2876,10606.137
2877,7133.1147
2878,6481.974
2879,8730.027
2880,5699.4595
2881,5913.2026
2882,8378.532
2883,8316.415
2884,12051.897
2885,12008.802
2886,9129.217
2887,7982.7593
2888,8043.9185
2889,14094.352
2890,9235.176
2891,6611.5166
2892,6674.689
2893,9802.087
2894,5425.945
2895,9757.668
2896,4357.4897
2897,6694.633
2898,10383.888
2899,6029.8213
2900,9739.964
2901,9583.065
2902,12003.912
2903,14419.189
2904,7633.6807
2905,11311.634
2906,4027.4885
2907,7537.3613
2908,8378.141
2909,6193.7163
2910,8552.218
2911,7089.062
2912,6576.4214
2913,9814.641
2914,15712.407
2915,10907.363
2916,7403.043
2917,6417.57
2918,10722.208
2919,8340.055
2920,7249.4634
2921,8964.319
2922,8873.139
2923,15213.757
2924,5784.2114
2925,8252.846
2926,9918.285
2927,10376.226
2928,13345.788
2929,7163.824
2930,15133.339
2931,9462.794
2932,6517.1245
2933,4046.2031
2934,7633.899
2935,8074.0654
2936,7614.1196
2937,8653.049
2938,6620.913
2939,5715.754
2940,8802.93
2941,5461.258
2942,10771.695
2943,8983.27
2944,5138.8384
2945,11506.867
2946,7907.6304
2947,10796.782
2948,7543.5107
2949,6965.9795
2950,8078.31
2951,6830.4507
2952,14377.005
2953,8020.7207
2954,6597.966
2955,9947.711
2956,12345.634
2957,8865.618
2958,9209.843
2959,10189.234
2960,2578.2224
2961,6847.626
2962,9567.494
2963,9041.627
2964,8302.126
2965,8103.398
2966,9334.02
2967,6688.6777
2968,4986.9297
2969,6769.083
2970,12445.152
2971,10196.194
2972,12802.584
2973,16394.754
2974,10656.897
2975,6701.424
2976,6199.296
2977,11772.659
2978,13842.896
2979,9696.308
2980,10678.376
2981,10744.73
2982,7220.9004
2983,5106.379
2984,12573.742
2985,9943.613
2986,8239.2705
2987,9685.466
2988,4496.722
2989,13342.683
2990,8091.1646
2991,6333.9946
2992,5633.273
2993,7219.4126
2994,8567.51
2995,12412.163
2996,8543.144
2997,6649.931
2998,7105.505
2999,5337.214
3000,4048.6704
3001,9374.677
3002,18665.041
3003,5489.4604
3004,7750.752
3005,8537.263
3006,6655.693
3007,6550.791
3008,6343.735
3009,5224.048
3010,9987.345
3011,9001.675
3012,6570.3394
3013,12123.109
3014,7836.1904
3015,6665.413
3016,12113.967
3017,11301.367
3018,10532.739
3019,7741.908
3020,10311.478
3021,6487.2373
3022,6293.9277
3023,14777.058
3024,15215.063
3025,7631.5767
3026,6429.64
3027,6448.827
3028,7327.0493
3029,5033.372
3030,10398.992
3031,6264.4365
3032,8647.802
3033,9905.306
3034,6632.9287
3035,7770.8047
3036,8688.113
3037,10963.078
3038,10208.008
3039,6023.8486
3040,7861.7036
3041,9901.754
3042,11912.818
3043,10452.908
3044,9001.881
3045,5433.449
3046,9043.714
3047,7585.4946
3048,5170.039
3049,8918.005
3050,9187.286
3051,6821.2705
3052,8053.315
3053,7803.1426
3054,4298.577
3055,7248.371
3056,8167.2417
3057,9184.237
3058,10744.228
3059,13428.358
3060,7883.141
3061,6307.72
3062,14588.196
3063,6304.5625
3064,5063.778
3065,9408.32
3066,8921.6455
3067,14342.0
3068,6851.415
3069,7664.578
3070,7419.2515
3071,9163.535
3072,8625.535
3073,11064.235
3074,3753.871
3075,7747.3965
3076,8693.658
3077,7825.077
3078,6763.3003
3079,8663.578
3080,11554.057
3081,4166.051
3082,12658.777
3083,9318.0
3084,11946.827
3085,6694.7095
3086,8937.922
3087,8746.263
3088,11146.023
3089,7936.063
3090,5453.148
3091,8601.628
3092,9785.655
3093,9651.319
3094,5772.2734
3095,5677.1055
3096,11847.644
3097,9723.73
3098,11469.833
3099,9139.175
3100,6971.3433
3101,10606.501
3102,8756.688
3103,10280.613
3104,10764.321
3105,7841.4243
3106,10335.502
3107,14318.765
3108,9459.464
3109,6422.7812
3110,7499.398
3111,6049.5293
3112,4047.0254
3113,12409.559
3114,7948.3804
3115,10822.577
3116,6300.709
3117,8327.679
3118,7491.8413
3119,10952.209
3120,6535.376
3121,7083.067
3122,7848.5103
3123,9022.305
3124,6710.027
3125,9010.841
3126,9027.985
3127,9678.799
3128,9442.869
3129,8514.583
3130,6805.972
3131,5870.8843
3132,6287.3755
3133,13297.025
3134,12813.224
3135,8505.76
3136,14953.538
3137,7545.95
3138,1044.6361
3139,7434.914
3140,10738.768
3141,15184.069
3142,9377.869
3143,10155.074
3144,10348.582
3145,4558.4326
3146,8934.598
3147,6914.947
3148,6909.6924
3149,6990.273
3150,5533.214
3151,7782.4277
3152,10753.67
3153,22256.326
3154,8437.749
3155,5717.248
3156,9301.617
3157,6218.733
3158,7822.1367
3159,5411.9575
3160,11730.371
3161,8307.908
3162,7930.6904
3163,15543.343
3164,11796.892
3165,7190.2754
3166,8912.588
3167,4841.173
3168,6134.5684
3169,6856.8936
3170,11915.522
3171,6224.507
3172,5656.7437
3173,6717.1284
3174,6903.289
3175,8711.047
3176,9552.979
3177,3884.8264
3178,8809.111
3179,10375.701
3180,1644.7194
3181,11042.508
3182,6439.2266
3183,9895.004
3184,6113.295
3185,12617.036
3186,6111.4585
3187,7195.881
3188,10113.858
3189,7959.0845
3190,5869.0254
3191,8699.531
3192,9393.634
3193,11781.9375
3194,12880.577
3195,7325.7
3196,5609.482
3197,7198.297
3198,8172.876
3199,5753.392
3200,8483.7705
3201,7776.529
3202,2041.7704
3203,9360.507
3204,7194.5015
3205,9643.783
3206,6587.1123
3207,9092.771
3208,7150.5464
3209,16133.067
3210,8496.532
3211,7212.7983
3212,5652.434
3213,4373.2803
3214,9094.047
3215,20926.734
3216,5261.9404
3217,4308.3843
3218,12882.85
3219,7726.2397
3220,2602.3726
3221,9995.406
3222,7060.659
3223,6515.117
3224,5470.8564
3225,12462.339
3226,7327.231
3227,8854.075
3228,10237.121
3229,6374.9917
3230,11250.5205
3231,7250.286
3232,4605.509
3233,10604.812
3234,9757.407
3235,6635.3525
3236,9812.694
3237,9498.774
3238,6748.621
3239,11579.65
3240,8160.6855
3241,12508.555
3242,5758.3223
3243,7176.141
3244,8210.05
3245,6646.209
3246,10419.454
3247,7765.774
3248,10387.088
3249,6306.0903
3250,8562.298
3251,6514.7256
3252,8245.324
3253,10560.714
3254,8560.738
3255,8825.418
3256,5539.889
3257,7084.9927
3258,9954.877
3259,12029.757
3260,7331.3413
3261,4300.751
3262,8650.722
3263,9315.476
3264,6023.205
3265,14861.151
3266,8296.031
3267,8129.0674
3268,11680.39
3269,6736.325
3270,6475.4424
3271,329.74847
3272,12097.929
3273,6868.552
3274,9536.228
3275,10669.142
3276,7994.9355
3277,6889.8896
3278,8710.98
3279,8579.252
3280,8738.292
3281,8927.179
3282,5931.9243
3283,7478.234
3284,8780.197
3285,8292.273
3286,12416.604
3287,7695.9746
3288,7651.5107
3289,4996.5146
3290,10470.7295
3291,8481.627
3292,7316.4062
3293,7750.863
3294,8425.412
3295,11374.294
3296,7960.603
3297,7601.813
3298,8147.565
3299,8662.454
3300,8870.051
3301,5476.5264
3302,6222.714
3303,12380.028
3304,7877.4062
3305,8693.418
3306,11160.65
3307,8319.866
3308,8824.567
3309,5675.254
3310,4813.38
3311,11004.615
3312,8324.836
3313,9620.843
3314,12994.838
3315,10383.641
3316,5563.6553
3317,10445.853
3318,6295.489
3319,4170.3926
3320,9323.493
3321,13355.224
3322,9604.981
3323,9605.86
3324,7745.047
3325,9373.21
3326,12104.554
3327,7775.379
3328,9838.906
3329,6281.2856
3330,4683.127
3331,5662.1147
3332,6629.4375
3333,7230.7837
3334,7388.7227
3335,11194.38
3336,5466.3496
3337,8710.773
3338,9814.659
3339,7969.925
3340,7879.247
3341,8685.47
3342,7210.1436
3343,6347.9297
3344,10450.356
3345,8637.744
3346,8087.4146
3347,5720.581
3348,14668.082
3349,8977.214
3350,8052.1553
3351,13876.088
3352,10622.102
3353,10398.427
3354,7765.6846
3355,8383.664
3356,11856.596
3357,17870.955
3358,6560.727
3359,6962.957
3360,5902.772
3361,7565.675
3362,7803.47
3363,9112.001
3364,11420.471
3365,7909.2974
3366,5053.283
3367,8103.243
3368,10399.359
3369,8288.043
3370,9179.359
3371,3827.776
3372,9897.392
3373,10221.93
3374,8625.33
3375,11379.502
3376,7990.1787
3377,6197.6167
3378,7718.307
3379,8172.8057
3380,10705.134
3381,8763.891
3382,9965.27
3383,7691.7847
3384,5950.8125
3385,11537.209
3386,5693.2056
3387,11823.283
3388,7139.0366
3389,6340.13
3390,6361.2764
3391,7916.0146
3392,8869.078
3393,1288.9432
3394,6822.6562
3395,6140.733
3396,10543.493
3397,14108.365
3398,12628.919
3399,7154.1963
3400,7116.5605
3401,10063.582
3402,7799.229
3403,7163.8447
3404,13342.963
3405,11377.527
3406,14140.911
3407,6976.046
3408,7336.8887
3409,10964.595
3410,10633.262
3411,8076.592
3412,12167.219
3413,9549.079
3414,7875.2803
3415,6697.4556
3416,6658.4487
3417,6467.788
3418,13993.1455
3419,7742.846
3420,6995.843
3421,12987.912
3422,7516.169
3423,23883.252
3424,9159.787
3425,0.053745866
3426,0.035036087
3427,0.17796947
3428,0.12722364
3429,0.028880108
3430,0.0
3431,0.17287974
3432,0.0
3433,0.0
3434,0.037594963
3435,0.06771913
3436,0.0
3437,0.0
3438,0.18136092
3439,0.17199162
3440,0.0
3441,0.024204312
3442,0.021714564
3443,0.09422126
3444,0.082480215
3445,0.072014295
3446,0.001182795
3447,0.086007886
3448,0.0
3449,0.15755606
3450,0.08153296
3451,0.048030525
3452,0.06394178
3453,0.022535311
3454,0.0
3455,0.5532938
3456,0.0
3457,0.0
3458,0.03273062
3459,0.065905765
3460,0.0
3461,0.024405101
3462,0.09225156
3463,0.024127176
3464,0.0
3465,0.12917712
3466,0.10461251
3467,0.15943293
3468,0.0
3469,0.0
3470,0.0
3471,0.07386571
3472,0.0
3473,0.051321078
3474,0.021568745
3475,0.0
3476,0.054250915
3477,0.021102505
3478,0.0
3479,0.040683415
3480,0.041096378
3481,0.0
3482,0.08599798
3483,0.087611996
3484,0.089902036
3485,0.0
3486,0.0
3487,0.11282387
3488,0.055740573
3489,0.0
3490,0.13025731
3491,0.062512495
3492,0.0
3493,0.113539495
3494,0.0
3495,0.0
3496,0.0
3497,0.0
3498,0.05281898
3499,0.17662701
3500,0.13014215
3501,0.0
3502,0.0
3503,0.0
3504,0.0
3505,0.09331102
3506,0.0
3507,0.18537624
3508,0.014200575
3509,0.0
3510,0.08862377
3511,0.03901391
3512,0.0
3513,0.18636073
3514,0.006422868
3515,0.17005637
3516,2588.9075
3517,0.037940953
3518,0.06529123
3519,0.090530954
3520,0.07412965
3521,0.14298543
3522,0.08526595
3523,0.0
3524,0.010772737
3525,0.0
3526,0.07848812
3527,0.0
3528,0.048212085
3529,0.08608022
3530,0.09840091
3531,0.0
3532,0.03749691
3533,0.0
3534,0.0
3535,0.02210353
3536,0.0
3537,0.26997894
3538,0.0
3539,0.0
3540,0.0
3541,0.0
3542,0.0
3543,0.055685677
3544,0.0
3545,0.054913796
3546,0.046429366
3547,0.033615302
3548,0.109216936
3549,0.0063290284
3550,0.0
3551,0.0
3552,0.0
3553,0.08870346
3554,0.0
3555,0.0
3556,0.0
3557,0.0
3558,0.0
3559,0.0
3560,0.0
3561,0.05981214
3562,0.05178651
3563,0.03728853
3564,0.49077722
3565,0.034390587
3566,0.0
3567,0.0
3568,0.1327939
3569,0.10418616
3570,0.25371674
3571,0.07379039
3572,0.025271691
3573,0.0
3574,0.0
3575,0.0
3576,0.09496131
3577,0.108220495
3578,0.053156435
3579,0.03388981
3580,0.05470338
3581,0.04867065
3582,0.28809544
3583,0.0
3584,1904.501
3585,0.058019985
3586,0.041867528
3587,0.23235309
3588,0.12189855
3589,0.0
3590,0.0
3591,0.0
3592,0.0
3593,0.08327893
3594,0.016922275
3595,0.081022196
3596,0.0
3597,0.0
3598,0.0
3599,0.0
3600,0.06372128
3601,0.03864554
3602,0.620379
3603,0.0020887582
3604,0.0
3605,0.0
3606,0.0
3607,0.0
3608,0.027385175
3609,0.02690577
3610,0.0
3611,0.06435541
3612,0.07441494
3613,0.06956724
3614,0.0
3615,0.010201375
3616,0.134933
3617,0.0
3618,0.031826276
3619,0.0
3620,0.0
3621,0.02549773
3622,0.08825767
3623,0.0
3624,0.04426795
3625,13382.178
3626,40080.38
3627,0.17193073
3628,0.05446704
3629,0.1793735
3630,0.050338145
3631,1.2011836
3632,0.0
3633,0.0
3634,5341.8027
3635,0.063251965
3636,0.0
3637,0.034195554
3638,0.023882095
3639,0.10569527
3640,0.81239486
3641,0.07656667
3642,0.0
3643,0.0
3644,0.046838485
3645,0.027037123
3646,0.062650196
3647,0.034650944
3648,0.095666066
3649,0.057341643
3650,0.0
3651,0.0
3652,0.0071182293
3653,2053.568
3654,0.0
3655,0.0
3656,0.11191044
3657,0.15251301
3658,0.04905912
3659,0.119026385
3660,0.023566065
3661,0.3959197
3662,0.0
3663,1269.1559
3664,0.1429785
3665,0.20681348
3666,0.0
3667,0.14996223
3668,0.047844063
3669,0.024148172
3670,0.041620143
3671,0.17206432
3672,0.07410596
3673,0.04429391
3674,0.10437718
3675,0.0
3676,0.06250538
3677,0.0
3678,0.16762887
3679,0.053831555
3680,0.012047946
3681,6742.194
3682,0.11327211
3683,0.032527767
3684,0.031811718
3685,0.21229416
3686,0.0
3687,0.0068632136
3688,0.10468115
3689,0.18909521
3690,0.065746345
3691,0.0
3692,0.0
3693,0.028329087
3694,0.047774397
3695,0.0
3696,0.087132476
3697,0.0
3698,9227.877
3699,0.10273069
3700,0.054236982
3701,0.0401755
3702,0.017504754
3703,0.0
3704,0.007832089
3705,0.04544479
3706,0.0
3707,0.065438166
3708,0.09428754
3709,0.054533627
3710,0.0046299617
3711,0.010133606
3712,0.0331291
3713,0.0
3714,0.0
3715,0.038498312
3716,0.0
3717,0.365708
3718,0.043474987
3719,0.05468158
3720,0.03431847
3721,0.03854355
3722,0.015735282
3723,0.47389477
3724,0.012453456
3725,0.0
3726,0.03548975
3727,0.0
3728,0.0
3729,0.0
3730,0.0
3731,0.055304084
3732,0.06522038
3733,0.0
3734,0.0
3735,0.06468841
3736,0.0
3737,0.0
3738,0.0
3739,0.10897083
3740,0.0
3741,0.011875565
3742,0.061995786
3743,0.0
3744,0.032389477
3745,0.125333
3746,0.0
3747,0.037206884
3748,0.0
3749,0.08407841
3750,0.0
3751,0.050087832
3752,0.007787762
3753,0.0
3754,0.024029082
3755,0.12558775
3756,0.0
3757,0.10154579
3758,0.0
3759,0.39561945
3760,432.25076
3761,0.0
3762,0.0
3763,0.0
3764,0.022365108
3765,0.0
3766,0.0015815188
3767,0.0
3768,0.054912746
3769,0.013802432
3770,0.064384945
3771,0.08722755
3772,0.008969876
3773,0.08728824
3774,4443.1396
3775,0.057282463
3776,0.0
3777,0.0
3778,0.0
3779,0.00676134
3780,0.07782395
3781,0.0
3782,0.03264356
3783,0.0286255
3784,0.011169189
3785,0.0828246
3786,0.0
3787,0.0
3788,0.06218356
3789,0.0
3790,0.0
3791,0.020463789
3792,0.0
3793,0.38626775
3794,0.0
3795,0.03532649
3796,0.16174407
3797,0.0
3798,0.12369795
3799,0.0
3800,0.022768168
3801,0.00037648602
3802,0.0
3803,0.027848184
3804,0.0
3805,0.0
3806,0.05310786
3807,0.07625681
3808,0.015871512
3809,0.0
3810,0.0
3811,0.09940603
3812,0.05171264
3813,0.026790472
3814,0.0
3815,0.006118611
3816,0.5221261
3817,1996.5774
3818,0.09094548
3819,0.0
3820,0.0
3821,0.0
3822,0.07270271
3823,0.013271017
3824,0.0
3825,0.03407943
3826,0.03857572
3827,1232.7212
3828,0.0649971
3829,0.0
3830,0.2506141
3831,3151.6565
3832,0.0
3833,0.10097565
3834,0.0
3835,0.0
3836,0.04428288
3837,0.0
3838,0.0
3839,0.0
3840,0.07653153
3841,0.0
3842,0.04508357
3843,0.1511713
3844,0.0
3845,0.0
3846,0.043254234
3847,0.02433307
3848,0.0
3849,0.0
3850,0.11648344
3851,0.0
3852,0.037397765
3853,0.09992588
3854,0.00991216
3855,0.0
3856,0.28333172
3857,0.02174542
3858,17183.766
3859,0.014642017
3860,0.0
3861,0.0
3862,0.0
3863,0.051078223
3864,0.0
3865,0.059652787
3866,0.06525838
3867,0.0
3868,0.02437661
3869,0.0
3870,0.010849903
3871,0.01023873
3872,5668.1074
3873,0.1728393
3874,0.052269597
3875,0.0
3876,0.0
3877,0.0
3878,0.030661875
3879,0.08822799
3880,0.09584163
3881,0.03962171
3882,0.0
3883,0.0
3884,0.0
3885,0.0
3886,0.04785772
3887,0.0
3888,0.009908755
3889,0.0
3890,0.05283449
3891,0.04580282
3892,0.096056335
3893,0.1173627
3894,0.024791736
3895,0.0049273055
3896,0.10652231
3897,0.13860793
3898,0.042560507
3899,0.055403445
3900,0.0
3901,0.03079322
3902,0.0
3903,0.0002741905
3904,0.0
3905,0.013330409
3906,0.08994134
3907,0.0
3908,0.05875092
3909,0.0
3910,0.08203409
3911,0.0
3912,0.0054782857
3913,0.084559865
3914,0.17431678
3915,0.0052145296
3916,0.05234873
3917,0.03610527
3918,0.0012015265
3919,0.0
3920,0.047751904
3921,0.0
3922,0.12718877
3923,0.0
3924,0.025742458
3925,0.0922133
3926,0.15407385
3927,0.0
3928,0.043885823
3929,0.099290974
3930,0.009213326
3931,0.07720255
3932,0.0
3933,0.11421739
3934,0.09439217
3935,0.097611524
3936,0.0
3937,0.3439186
3938,0.0
3939,0.0
3940,0.087330766
3941,0.057498153
3942,0.17114332
3943,0.0002979296
3944,0.0
3945,0.0
3946,0.0
3947,12381.93
3948,0.0
3949,0.012255892
3950,0.0
3951,0.128173
3952,0.0
3953,0.033876255
3954,0.05178825
3955,0.056684535
3956,0.0
3957,0.0
3958,0.0
3959,0.0
3960,0.18545015
3961,0.0
3962,0.012256733
3963,0.00991086
3964,0.0
3965,0.0
3966,0.18012063
3967,0.0
3968,0.0
3969,0.3123037
3970,0.09762855
3971,0.039513003
3972,0.1112839
3973,0.14846256
3974,0.0
3975,0.0
3976,0.082397796
3977,0.046970513
3978,0.0
3979,0.055869635
3980,0.0
3981,0.06428221
3982,0.092499174
3983,0.0
3984,0.07157347
3985,0.0
3986,0.32319263
3987,0.025139386
3988,0.0
3989,0.17665915
3990,0.0
3991,2986.934
3992,16254.584
3993,0.0
3994,0.013304431
3995,0.0
3996,0.06634356
3997,0.17436677
3998,0.15398224
3999,0.0
4000,0.0
4001,0.18523115
4002,0.124096066
4003,0.058494035
4004,0.0
4005,0.0070889015
4006,0.03415289
4007,0.058260538
4008,0.037556183
4009,0.0
4010,0.0
4011,0.0
4012,0.041795358
4013,0.017121352
4014,0.038644183
4015,0.0
4016,0.004575433
4017,0.0
4018,0.0
4019,0.0686678
4020,2740.0261
4021,0.0
4022,0.11562788
4023,0.0
4024,0.0
4025,0.120184556
4026,0.096926
4027,0.07445978
4028,0.051469877
4029,0.0
4030,0.07376017
4031,0.07526942
4032,0.10756633
4033,0.014045795
4034,0.065027304
4035,0.10352683
4036,0.0
4037,0.066732734
4038,0.0
4039,0.11751097
4040,0.0
4041,0.029166423
4042,0.048097204
4043,0.085207514
4044,0.03888764
4045,0.084822275
4046,0.069719285
4047,0.10299997
4048,0.0
4049,0.05287945
4050,0.09933501
4051,0.08196896
4052,0.12298392
4053,0.04595356
4054,0.0
4055,0.0
4056,0.0
4057,0.034347374
4058,0.096586265
4059,0.15619938
4060,0.0
4061,0.0
4062,0.07743631
4063,0.060439598
4064,0.0
4065,0.028438961
4066,0.0
4067,0.034145575
4068,0.0
4069,0.07345707
4070,0.0
4071,0.006170383
4072,0.0
4073,0.08602704
4074,0.023554636
4075,0.0
4076,0.0
4077,0.0
4078,0.036840517
4079,0.0
4080,0.10613294
4081,0.020107135
4082,0.0
4083,0.05856008
4084,0.08660331
4085,0.0
4086,0.047050122
4087,0.015971463
4088,0.0
4089,0.1473265
4090,146.94936
4091,0.14840537
4092,0.017729657
4093,0.43698016
4094,1368.8336
4095,0.27686885
4096,0.0
4097,0.20034692
4098,0.0
4099,0.0381035
4100,0.0011492149
4101,0.0
4102,0.0
4103,0.0
4104,0.0914611
4105,0.0
4106,0.0
4107,0.081503585
4108,0.011080716
4109,0.0
4110,0.007207971
4111,0.0
4112,0.0
4113,0.0
4114,0.0726817
4115,0.0
4116,0.15548971
4117,0.049915757
4118,0.0
4119,0.03081003
4120,0.04736163
4121,0.1938145
4122,0.068453096
4123,0.05677964
4124,0.059990466
4125,0.0
4126,0.005285324
4127,2.0394754
4128,0.0
4129,0.007333636
4130,0.0
4131,0.0422784
4132,0.18831244
4133,0.0
4134,0.04138527
4135,0.016150838
4136,0.6841097
4137,0.11853938
4138,0.0
4139,0.114498705
4140,0.077628925
4141,0.0
4142,0.021994693
4143,0.15985925
4144,0.0
4145,1348.5657
4146,0.0
4147,0.0
4148,0.17607905
4149,0.020426905
4150,0.0
4151,0.020956483
4152,0.00865502
4153,0.23869365
4154,0.0
4155,0.02727005
4156,0.06876522
4157,0.19150361
4158,0.39655846
4159,0.21098927
4160,9963.483
4161,0.019289467
4162,0.0
4163,0.23407224
4164,0.044413764
4165,0.0
4166,0.13012789
4167,0.0
4168,0.0
4169,0.0
4170,0.0
4171,0.0
4172,0.011541213
4173,0.27553433
4174,0.021094678
4175,0.0480222
4176,0.0
4177,0.21415879
4178,0.0
4179,0.0
4180,0.051270254
4181,0.015665751
4182,0.027602596
4183,0.0
4184,0.012001228
4185,0.07874141
4186,0.023615316
4187,0.0526226
4188,0.010181422
4189,0.0
4190,0.0
4191,0.0
4192,0.038678452
4193,0.015479064
4194,0.0
4195,0.0
4196,0.0
4197,0.22118515
4198,0.05313754
4199,0.12567827
4200,0.25064173
4201,0.033003077
4202,0.015833342
4203,0.059838116
4204,0.0
4205,0.010505593
4206,0.0
4207,0.09571521
4208,0.019551149
4209,0.011270161
4210,0.10154996
4211,0.0
4212,0.15608427
4213,0.0
4214,0.0
4215,0.006290386
4216,0.0
4217,0.0
4218,0.081130855
4219,0.0
4220,0.0817966
4221,0.02201147
4222,0.0
4223,0.0762168
4224,2681.9082
4225,0.028255101
4226,0.0
4227,0.0
4228,0.054206476
4229,0.026872654
4230,0.0
4231,0.052823152
4232,0.0
4233,0.0
4234,0.06698482
4235,0.0
4236,0.053366385
4237,0.0
4238,0.0
4239,0.019364959
4240,0.0
4241,0.0
4242,0.05253804
4243,0.0
4244,0.030041313
4245,0.0
4246,0.06314718
4247,0.05278536
4248,0.027712654
4249,0.060138445
4250,0.0
4251,0.0
4252,0.0
4253,0.0
4254,0.025644636
4255,0.0
4256,0.0
4257,0.0
4258,0.04495682
4259,0.0
4260,0.06366409
4261,0.0
4262,0.039691433
4263,0.047069818
4264,0.0
4265,12771.717
4266,1109.411
4267,0.0
4268,0.0025104764
4269,0.14982341
4270,0.09596579
4271,0.1528217
4272,0.11136895
4273,0.0
4274,0.0008045275
4275,0.0
4276,0.0
4277,0.039706115
4278,0.0
4279,0.046537504
4280,0.0
4281,4025.0918
4282,3889.2017
4283,6286.758
4284,3222.8757
4285,5760.992
4286,4012.0085
4287,4896.42
4288,5071.2266
4289,2885.5955
4290,2052.4849
4291,5210.005
4292,4609.2397
4293,3346.2593
4294,5123.25
4295,5888.3706
4296,2706.0544
4297,4544.982
4298,6161.3203
4299,7302.1143
4300,6859.824
4301,6399.4097
4302,3532.0747
4303,5773.4575
4304,1565.9142
4305,5018.0557
4306,7832.051
4307,8125.1064
4308,5241.8726
4309,2845.3577
4310,3573.125
4311,5209.816
4312,5811.01
4313,3540.5554
4314,4859.666
4315,4708.3535
4316,5193.3633
4317,2494.177
4318,6780.346
4319,3989.26
4320,5790.543
4321,6320.5967
4322,3204.6372
4323,8064.899
4324,5038.771
4325,4224.606
4326,3123.7292
4327,7092.613
4328,9048.942
4329,5234.258
4330,5366.48
4331,7102.6523
4332,6460.266
4333,5187.0215
4334,5616.265
4335,2324.4536
4336,3081.5137
4337,3979.2036
4338,5564.43
4339,8735.342
4340,6967.528
4341,3334.275
4342,6797.5967
4343,5626.029
4344,5123.529
4345,2510.6406
4346,10203.335
4347,3093.9385
4348,2840.0815
4349,6767.3853
4350,2703.4534
4351,4280.945
4352,2695.074
4353,4974.6626
4354,4691.7026
4355,5533.177
4356,9279.934
4357,5040.8047
4358,3825.6294
4359,2844.2368
4360,5224.4863
4361,11869.981
4362,4898.5405
4363,2941.7188
4364,5214.0215
4365,4125.004
4366,6417.4966
4367,7197.583
4368,2316.0525
4369,7522.2793
4370,4675.936
4371,5642.684
4372,5310.2847
4373,2433.6885
4374,4463.93
4375,4722.0083
4376,6536.4917
4377,5340.254
4378,3741.7441
4379,3950.6594
4380,5794.0293
4381,4929.2183
4382,4278.9526
4383,4290.63
4384,4217.636
4385,5775.815
4386,4151.2856
4387,2991.471
4388,4847.3555
4389,4886.556
4390,4950.819
4391,7020.0396
4392,6437.403
4393,3850.5588
4394,7209.4146
4395,2536.693
4396,1723.3291
4397,6900.031
4398,5713.841
4399,6576.829
4400,7436.205
4401,6251.2812
4402,5048.21
4403,6064.099
4404,7155.882
4405,3587.514
4406,2617.3506
4407,4631.404
4408,4315.1914
4409,4485.4727
4410,2719.236
4411,4614.2065
4412,5338.2827
4413,4445.586
4414,4805.6997
4415,2485.6453
4416,5097.4053
4417,5856.851
4418,3332.1223
4419,4604.0327
4420,2362.8003
4421,4600.323
4422,2453.8875
4423,3505.533
4424,4058.0583
4425,6941.3066
4426,4796.4946
4427,5070.651
4428,10431.555
4429,3137.1948
4430,4417.53
4431,8425.87
4432,5507.4233
4433,7856.1646
4434,5772.571
4435,5316.7417
4436,6047.429
4437,3102.4268
4438,2667.1792
4439,5854.3096
4440,3795.6875
4441,2657.7148
4442,3217.641
4443,7243.4155
4444,8469.323
4445,4197.504
4446,4368.1104
4447,3797.9438
4448,1924.7482
4449,1908.6497
4450,3044.3145
4451,5294.9087
4452,5925.014
4453,4373.76
4454,1053.6892
4455,6555.0786
4456,7045.657
4457,6586.0693
4458,4320.8755
4459,6509.26
4460,7591.56
4461,3315.1025
4462,3869.8652
4463,4223.522
4464,5668.0806
4465,3278.7856
4466,3960.5984
4467,4419.4644
4468,7316.3784
4469,5642.4204
4470,6976.911
4471,5830.7476
4472,4813.242
4473,6295.2666
4474,14437.105
4475,6299.7295
4476,3742.1868
4477,3984.1335
4478,5956.474
4479,6288.305
4480,3838.1746
4481,7925.269
4482,14529.364
4483,4878.555
4484,2394.4624
4485,9715.998
4486,3111.004
4487,5977.2876
4488,2506.0447
4489,4747.5303
4490,4076.6584
4491,5095.738
4492,4137.173
4493,4632.327
4494,7521.519
4495,6532.341
4496,5786.165
4497,5563.5547
4498,4563.784
4499,4449.506
4500,7147.901
4501,4493.3394
4502,5048.634
4503,3706.7258
4504,3333.8616
4505,4836.696
4506,1115.7809
4507,4573.5723
4508,6617.472
4509,8085.317
4510,6532.596
4511,4296.3677
4512,4278.0586
4513,4381.197
4514,4202.023
4515,5934.261
4516,2721.4485
4517,8750.001
4518,4600.4683
4519,7026.4233
4520,5219.724
4521,3972.4338
4522,2839.121
4523,2503.3708
4524,8077.632
4525,5314.9365
4526,4703.7075
4527,11186.792
4528,7030.674
4529,4232.6772
4530,5609.327
4531,2424.1433
4532,4301.613
4533,3189.5095
4534,3223.1094
4535,7252.3335
4536,4540.549
4537,6358.383
4538,9116.626
4539,5529.8896
4540,3825.695
4541,3535.9685
4542,4210.1836
4543,4597.5464
4544,10123.519
4545,6503.2646
4546,6714.3228
4547,2891.9243
4548,4616.443
4549,5720.559
4550,6633.492
4551,5479.787
4552,4791.3823
4553,5906.641
4554,3920.7563
4555,7308.797
4556,5520.546
4557,6265.351
4558,6713.746
4559,5929.605
4560,7329.216
4561,3020.218
4562,3502.822
4563,4580.2344
4564,7662.758
4565,6408.095
4566,6600.1245
4567,5553.1313
4568,7126.7837
4569,4271.184
4570,5618.3013
4571,5182.664
4572,3099.0842
4573,10087.587
4574,14047.006
4575,6132.755
4576,5594.686
4577,6335.8076
4578,7042.103
4579,7403.085
4580,3026.243
4581,3566.2463
4582,5320.217
4583,6934.517
4584,2728.0525
4585,3854.6418
4586,4245.5444
4587,4054.9897
4588,4272.182
4589,2648.8706
4590,2853.1848
4591,6981.8105
4592,3122.1057
4593,2928.864
4594,4668.867
4595,5040.2856
4596,7340.3394
4597,9324.525
4598,5215.658
4599,5761.9756
4600,5553.7563
4601,8501.218
4602,3691.0593
4603,2854.4438
4604,4415.529
4605,10898.806
4606,3368.3613
4607,5672.1313
4608,1656.6346
4609,2872.0667
4610,5746.317
4611,6363.267
4612,5279.9346
4613,7928.278
4614,7057.8315
4615,6696.5234
4616,4531.977
4617,8135.7383
4618,1557.0608
4619,3307.1426
4620,5070.419
4621,3191.1714
4622,9088.176
4623,2533.2493
4624,4690.253
4625,5555.2397
4626,7487.505
4627,8719.851
4628,4941.7646
4629,2751.59
4630,6269.5415
4631,8296.585
4632,4008.4932
4633,4634.5723
4634,6945.0684
4635,6703.5786
4636,4343.426
4637,3120.1404
4638,7240.832
4639,3976.0618
4640,9629.298
4641,7004.8833
4642,10973.299
4643,4607.1475
4644,4598.406
4645,1846.9734
4646,5154.371
4647,5316.3564
4648,4392.432
4649,8327.218
4650,4470.147
4651,2058.0305
4652,6594.5054
4653,3449.9084
4654,6741.763
4655,5801.9487
4656,5298.6274
4657,6194.632
4658,4008.864
4659,6130.8423
4660,5516.861
4661,4489.141
4662,6309.64
4663,3449.0332
4664,8570.901
4665,5109.5312
4666,2868.8203
4667,3378.8367
4668,6712.043
4669,4483.176
4670,3755.7192
4671,4546.339
4672,3402.4324
4673,4326.0884
4674,5326.8486
4675,6901.064
4676,3225.9426
4677,3032.4246
4678,5662.9575
4679,5304.529
4680,2574.636
4681,4694.917
4682,8035.453
4683,6537.352
4684,10005.555
4685,5909.5884
4686,7203.2695
4687,4799.781
4688,3534.9229
4689,9554.044
4690,6544.452
4691,4727.2544
4692,4579.5005
4693,5583.16
4694,4533.274
4695,2121.193
4696,8716.482
4697,5369.1064
4698,5598.9673
4699,4946.6978
4700,1621.4701
4701,6807.842
4702,5627.2153
4703,4392.7256
4704,2517.5618
4705,5461.8413
4706,5010.322
4707,3590.842
4708,9118.513
4709,3764.3958
4710,4059.1423
4711,2909.8755
4712,3205.533
4713,4357.461
4714,10645.997
4715,3381.3938
4716,4630.9224
4717,4428.1064
4718,3093.835
4719,3266.8247
4720,4890.9956
4721,2812.2207
4722,8067.0454
4723,4720.0674
4724,3093.0264
4725,6631.879
4726,2626.2563
4727,3097.5708
4728,8555.465
4729,7203.5854
4730,8361.647
4731,2549.4038
4732,4178.1055
4733,3686.1719
4734,3936.7063
4735,15433.927
4736,11008.962
4737,4970.247
4738,2296.0627
4739,5483.437
4740,3457.6182
4741,2369.5186
4742,5635.5786
4743,4114.452
4744,4816.8384
4745,6427.8374
4746,4609.4375
4747,3765.5308
4748,5455.104
4749,6020.4136
4750,6661.3135
4751,3070.2693
4752,4982.822
4753,6530.3784
4754,7329.5166
4755,4902.682
4756,6122.229
4757,2209.2363
4758,7045.953
4759,4560.3765
4760,2276.5933
4761,3914.4294
4762,4501.5205
4763,3737.107
4764,6251.0845
4765,3317.39
4766,6126.3647
4767,4224.5938
4768,5806.6714
4769,7357.288
4770,5602.0923
4771,6091.4443
4772,5868.538
4773,2580.5664
4774,8144.947
4775,3237.2102
4776,3116.862
4777,5861.1426
4778,9646.433
4779,7892.244
4780,3840.6687
4781,4188.105
4782,4754.5005
4783,5757.844
4784,4481.5166
4785,7164.8423
4786,3140.7944
4787,4280.704
4788,2894.3408
4789,3379.4397
4790,2673.5725
4791,6366.9946
4792,5290.4307
4793,1845.4531
4794,6108.1016
4795,6011.6626
4796,7517.9614
4797,4831.849
4798,3599.5222
4799,4235.541
4800,6211.5596
4801,4159.5464
4802,1947.3405
4803,6093.513
4804,4360.0967
4805,4849.3213
4806,4598.8975
4807,2478.5637
4808,7372.3135
4809,2565.5686
4810,7332.474
4811,4441.3813
4812,3720.6482
4813,5385.7407
4814,3677.5703
4815,3679.732
4816,7193.5884
4817,2885.7192
4818,5451.125
4819,7550.536
4820,5487.67
4821,2046.4825
4822,4782.447
4823,2823.8604
4824,2149.9678
4825,5430.6304
4826,6177.438
4827,4729.762
4828,3854.7668
4829,5115.32
4830,4117.236
4831,6535.856
4832,5337.453
4833,5086.4287
4834,3306.5244
4835,4882.8706
4836,4431.3857
4837,5529.547
4838,6032.099
4839,5772.868
4840,7612.9653
4841,4856.1304
4842,5300.8867
4843,2683.207
4844,4646.812
4845,8123.7734
4846,5380.108
4847,5400.8086
4848,13117.292
4849,3105.077
4850,554.15125
4851,3429.9438
4852,7186.669
4853,10123.866
4854,6271.7427
4855,6472.0273
4856,6287.7534
4857,1954.07
4858,6607.0596
4859,4754.242
4860,3186.3347
4861,4577.378
4862,3122.7908
4863,2582.6648
4864,6029.419
4865,14242.411
4866,4318.9263
4867,2727.2822
4868,4625.51
4869,3588.4827
4870,5397.6978
4871,3058.736
4872,5691.745
4873,5705.59
4874,3214.0364
4875,8787.611
4876,8640.637
4877,3639.8835
4878,4128.228
4879,3111.859
4880,3389.4934
4881,4134.5845
4882,7559.1475
4883,3637.7039
4884,4859.921
4885,2785.6177
4886,5145.769
4887,4384.2065
4888,6192.517
4889,2889.033
4890,7660.814
4891,5268.8315
4892,1795.9609
4893,3845.2693
4894,3031.7188
4895,4561.7295
4896,3166.8372
4897,7396.4717
4898,3960.3264
4899,3415.9976
4900,4950.0913
4901,4307.25
4902,4808.1807
4903,4644.601
4904,4780.622
4905,8888.987
4906,6247.4365
4907,5606.096
4908,3643.8894
4909,4025.1265
4910,5020.799
4911,3108.1235
4912,4350.703
4913,5072.9585
4914,1117.5354
4915,6890.856
4916,4015.8376
4917,4694.4336
4918,4238.3257
4919,5815.0464
4920,4399.8755
4921,7691.388
4922,4544.9644
4923,4382.898
4924,1590.031
4925,1952.796
4926,3951.5112
4927,17123.072
4928,1824.0806
4929,4299.0938
4930,4909.988
4931,5103.394
4932,845.4513
4933,7212.0557
4934,4521.864
4935,4162.2017
4936,2943.0168
4937,6315.9927
4938,2830.4211
4939,5311.739
4940,7788.814
4941,3105.9243
4942,6555.616
4943,5772.048
4944,2858.8726
4945,5381.35
4946,6978.149
4947,2283.1416
4948,7212.6265
4949,5354.1987
4950,5086.5547
4951,7882.75
4952,6874.234
4953,6552.8657
4954,3582.5107
4955,3843.3516
4956,4892.755
4957,2992.5842
4958,5178.563
4959,2557.2783
4960,5837.626
4961,2747.2007
4962,4925.721
4963,4894.0386
4964,4265.9478
4965,4496.641
4966,6823.6455
4967,4198.2285
4968,4151.8994
4969,4960.9727
4970,5955.287
4971,7420.872
4972,6711.2876
4973,3919.6418
4974,3849.7434
4975,5054.8066
4976,2975.4526
4977,11708.452
4978,5205.221
4979,5245.9087
4980,8109.5137
4981,5018.577
4982,2034.0762
4983,412.9767
4984,6286.6377
4985,6051.8433
4986,6279.644
4987,7204.149
4988,7577.374
4989,5431.3193
4990,3931.325
4991,2639.1677
4992,4302.0146
4993,6443.5024
4994,2648.5571
4995,7251.932
4996,6143.862
4997,4215.424
4998,5718.857
4999,4354.851
5000,5302.0903
5001,3558.023
5002,4049.5393
5003,3703.3928
5004,3269.5217
5005,6126.2246
5006,4945.4146
5007,6158.2183
5008,4849.9224
5009,3544.5027
5010,4730.809
5011,5667.1396
5012,5511.759
5013,2910.8916
5014,3046.2173
5015,8789.347
5016,5054.156
5017,3665.8157
5018,6760.237
5019,6034.0845
5020,4870.6597
5021,4073.1445
5022,1661.5354
5023,5189.1294
5024,5220.3765
5025,4255.9287
5026,7806.4106
5027,5593.1494
5028,3290.147
5029,4951.527
5030,3015.3152
5031,1041.347
5032,4716.7144
5033,7810.872
5034,4215.9907
5035,3567.3555
5036,2667.2632
5037,4077.6152
5038,6563.6626
5039,4375.379
5040,8455.626
5041,3661.2551
5042,4160.626
5043,3146.9578
5044,5088.127
5045,3209.5017
5046,2358.3162
5047,4174.683
5048,3457.7766
5049,5884.968
5050,4250.338
5051,4154.4985
5052,4239.037
5053,7006.093
5054,4442.483
5055,3588.527
5056,9607.639
5057,6502.527
5058,5563.921
5059,2390.2717
5060,4067.7822
5061,5682.7563
5062,3662.2053
5063,7354.152
5064,6136.9155
5065,5277.518
5066,6408.205
5067,4998.1924
5068,7510.1567
5069,8751.228
5070,2787.9666
5071,3729.2864
5072,4251.4614
5073,4665.515
5074,5119.103
5075,7432.4326
5076,5678.655
5077,5194.8545
5078,1956.823
5079,6107.572
5080,6273.5674
5081,2588.8591
5082,5926.24
5083,2358.1755
5084,5857.214
5085,5047.9307
5086,3790.1228
5087,5125.5083
5088,3543.1875
5089,3854.936
5090,6463.878
5091,3994.6597
5092,7254.6304
5093,3863.6204
5094,7024.018
5095,4916.9287
5096,2968.8108
5097,6623.383
5098,2448.8604
5099,7309.438
5100,5393.406
5101,3993.4292
5102,5849.738
5103,4454.3384
5104,3673.1912
5105,686.7932
5106,2740.0522
5107,2549.022
5108,4675.628
5109,4934.2
5110,4914.4346
5111,5007.9946
5112,4397.1274
5113,3591.8699
5114,5602.333
5115,2843.1218
5116,10969.3955
5117,5883.1436
5118,7493.1206
5119,5367.473
5120,3721.525
5121,8006.718
5122,7909.0034
5123,2248.3127
5124,7430.696
5125,4873.62
5126,5887.6963
5127,5757.718
5128,4411.765
5129,2664.2356
5130,3978.938
5131,3375.892
5132,2422.2776
5133,6623.2627
5134,4332.6836
5135,20192.488
5136,6393.912
5137,3486.3472
5138,5424.951
5139,8756.171
5140,4591.586
5141,5488.8374
5142,4338.2915
5143,6382.201
5144,5570.447
5145,3625.5889
5146,2898.4746
5147,5596.6714
5148,5569.528
5149,5741.8354
5150,6272.1855
5151,5277.226
5152,1730.0557
5153,4850.7783
5154,8149.399
5155,7974.6694
5156,7294.9653
5157,6078.1885
5158,3237.2073
5159,5015.433
5160,2498.4722
5161,4993.065
5162,7440.1494
5163,7499.1836
5164,4436.5415
5165,3521.0234
5166,2980.7996
5167,6147.672
5168,7398.109
5169,4511.829
5170,4062.9504
5171,4589.6064
5172,6318.192
5173,2852.2568
5174,5979.6826
5175,3492.132
5176,6524.9556
5177,5537.8496
5178,4371.5117
5179,6866.1543
5180,3098.289
5181,1599.5259
5182,4943.0137
5183,5703.2607
5184,10895.729
5185,5245.138
5186,7018.9346
5187,6688.142
5188,7660.178
5189,5665.427
5190,7751.654
5191,3660.7173
5192,4156.873
5193,4557.663
5194,5712.0806
5195,9558.027
5196,5986.2456
5197,3822.237
5198,6079.69
5199,5640.2246
5200,7420.837
5201,2941.121
5202,11003.996
5203,3786.2778
5204,4687.2695
5205,6576.973
5206,3113.9197
5207,3964.265
5208,5379.98
5209,6148.8506
5210,4581.707
5211,4794.226
5212,8486.109
5213,5166.8496
5214,3994.2673
5215,4668.489
5216,5071.149
5217,9950.899
5218,5338.4917
5219,3375.702
5220,5215.3447
5221,4317.316
5222,5094.941
5223,6052.2705
5224,3328.9546
5225,6247.937
5226,4922.687
5227,5738.851
5228,4377.191
5229,4041.7207
5230,4289.271
5231,4278.0874
5232,6316.3296
5233,6538.1255
5234,4085.289
5235,3852.5354
5236,5774.7188
5237,4546.6987
5238,2373.6433
5239,7516.9004
5240,7540.8994
5241,6804.5376
5242,4620.306
5243,3637.8738
5244,4772.321
5245,5857.292
5246,6105.1777
5247,6623.711
5248,6322.2607
5249,6783.024
5250,7488.3833
5251,3703.0645
5252,2520.436
5253,7400.36
5254,4789.8423
5255,7959.3276
5256,6758.1353
5257,6456.4526
5258,5033.0693
5259,6193.202
5260,6342.6885
5261,5587.971
5262,3519.1162
5263,4605.6313
5264,5313.857
5265,4441.415
5266,4209.9907
5267,6071.293
5268,5321.242
5269,2175.166
5270,4605.728
5271,3837.3362
5272,5483.259
5273,5516.1924
5274,5383.9688
5275,4359.76
5276,3345.3528
5277,5030.5737
5278,3214.0579
5279,5041.752
5280,3912.5815
5281,6795.0034
5282,9682.824
5283,5247.8857
5284,8258.263
5285,3056.8633
5286,4392.6753
5287,8036.028
5288,5562.955
5289,6973.4717
5290,5852.5396
5291,5099.37
5292,5397.8213
5293,4843.857
5294,4156.5557
5295,6911.841
5296,5381.689
5297,2667.4705
5298,3591.8525
5299,6851.4937
5300,7469.1094
5301,4612.112
5302,4228.3916
5303,3960.704
5304,3926.374
5305,2601.1848
5306,3769.3618
5307,5147.1143
5308,5919.3145
5309,5262.407
5310,1263.4127
5311,7095.299
5312,7246.9536
5313,6088.151
5314,3769.4587
5315,7298.3823
5316,8266.616
5317,4305.27
5318,5312.063
5319,4183.8086
5320,5617.7603
5321,3268.4895
5322,4863.6816
5323,3859.7966
5324,7822.07
5325,5585.914
5326,5877.748
5327,6193.3794
5328,4845.0117
5329,6369.558
5330,14652.017
5331,7103.7363
5332,4462.372
5333,2759.9414
5334,5121.6963
5335,5999.3125
5336,5285.1147
5337,11760.774
5338,17782.936
5339,3933.253
5340,4552.6836
5341,7516.1187
5342,3941.0837
5343,6393.467
5344,4100.2104
5345,5703.179
5346,5033.463
5347,5247.7705
5348,4548.252
5349,6014.163
5350,7202.143
5351,5808.688
5352,5341.874
5353,4497.0957
5354,3523.278
5355,3627.675
5356,5954.4746
5357,4102.3115
5358,4909.2715
5359,5225.548
5360,4770.564
5361,4944.113
5362,1543.5624
5363,5334.409
5364,6710.9033
5365,7268.143
5366,6283.3945
5367,4917.75
5368,3124.215
5369,5828.835
5370,5309.92
5371,5202.1187
5372,3978.2888
5373,11116.573
5374,5003.3774
5375,9563.79
5376,5499.014
5377,4315.0884
5378,4018.202
5379,3558.5015
5380,7307.4165
5381,4367.8228
5382,6269.5537
5383,10842.425
5384,6570.5464
5385,5387.9604
5386,5013.2856
5387,3604.4805
5388,5617.0156
5389,3419.4045
5390,4686.331
5391,7731.673
5392,4403.31
5393,10496.666
5394,9774.136
5395,4835.4365
5396,4308.158
5397,4893.2124
5398,5301.1196
5399,4456.3574
5400,8067.1836
5401,6067.576
5402,7396.458
5403,1858.3483
5404,5945.984
5405,5360.934
5406,5213.276
5407,5380.647
5408,4726.1587
5409,6188.6143
5410,6318.5596
5411,6469.0034
5412,6586.0884
5413,6040.2866
5414,6870.5303
5415,5496.3657
5416,6938.2554
5417,4286.903
5418,3123.8425
5419,4265.301
5420,7740.5938
5421,5588.344
5422,5975.173
5423,5404.648
5424,6719.416
5425,4107.2134
5426,6412.675
5427,5314.4043
5428,3306.6
5429,11472.218
5430,14245.196
5431,5548.546
5432,5212.51
5433,6974.4893
5434,8202.591
5435,8565.238
5436,5038.7954
5437,5050.782
5438,4870.172
5439,6916.86
5440,3587.603
5441,4875.5127
5442,4325.37
5443,5494.835
5444,5749.464
5445,4276.5815
5446,3431.8354
5447,6052.9116
5448,3742.9722
5449,2919.5896
5450,4754.7954
5451,4565.0425
5452,6878.55
5453,7384.714
5454,6161.5674
5455,5653.4966
5456,5460.414
5457,8516.361
5458,5116.159
5459,4066.7075
5460,3496.399
5461,7819.4067
5462,4016.4812
5463,5859.1865
5464,2599.6416
5465,3238.5447
5466,4754.156
5467,3459.6704
5468,5555.6426
5469,7149.5103
5470,7405.317
5471,8501.34
5472,5565.8
5473,8037.7144
5474,2242.276
5475,4491.677
5476,5534.4014
5477,3165.1458
5478,7422.649
5479,3943.9607
5480,4605.7236
5481,6626.4854
5482,7740.9336
5483,7334.321
5484,5252.934
5485,4092.2979
5486,7988.8525
5487,6314.9746
5488,4369.1646
5489,5348.941
5490,5643.5234
5491,7591.843
5492,4123.3086
5493,4514.395
5494,6331.6147
5495,6285.523
5496,9191.581
5497,5195.4097
5498,11007.628
5499,4842.8174
5500,4403.5874
5501,2514.0984
5502,4585.336
5503,4731.522
5504,4817.9917
5505,7961.3394
5506,4051.0693
5507,3040.7385
5508,5884.6816
5509,3745.1152
5510,6402.535
5511,5767.568
5512,3222.393
5513,6496.7983
5514,3964.208
5515,7263.5967
5516,4340.6797
5517,4465.689
5518,5479.6567
5519,4353.223
5520,7667.4956
5521,5671.385
5522,3313.8567
5523,5430.4854
5524,6993.8145
5525,5770.215
5526,4904.3193
5527,6583.959
5528,2542.9265
5529,6985.841
5530,5472.798
5531,7437.3257
5532,3908.8323
5533,4867.181
5534,5063.116
5535,4670.622
5536,3546.5217
5537,4409.3203
5538,7088.2505
5539,7732.8237
5540,8994.466
5541,8049.5825
5542,7318.982
5543,5017.5195
5544,4452.7627
5545,8782.35
5546,8093.9507
5547,5054.503
5548,6539.8965
5549,7401.948
5550,2054.9893
5551,2852.873
5552,7597.377
5553,5203.588
5554,5305.0854
5555,6323.7446
5556,1993.895
5557,7832.776
5558,5495.9097
5559,4509.923
5560,3457.615
5561,4740.6475
5562,5458.81
5563,5364.678
5564,5636.686
5565,4122.75
5566,3604.0679
5567,2920.321
5568,3290.1846
5569,5972.8022
5570,14626.062
5571,4057.2454
5572,5052.753
5573,4566.7627
5574,4380.95
5575,3847.236
5576,4910.681
5577,3338.664
5578,5946.0464
5579,5170.947
5580,3642.2803
5581,6719.4863
5582,4250.492
5583,4167.76
5584,7586.7104
5585,6772.0537
5586,7724.184
5587,3997.389
5588,4801.842
5589,3569.0745
5590,4187.5977
5591,11853.125
5592,6659.027
5593,5580.6685
5594,3582.4492
5595,4694.129
5596,2356.9958
5597,3565.4333
5598,6367.8994
5599,4032.759
5600,4628.3257
5601,6132.0938
5602,4064.2683
5603,5197.4316
5604,5147.188
5605,5997.722
5606,5914.145
5607,3394.5059
5608,4944.8955
5609,5413.863
5610,6886.9004
5611,7075.9497
5612,6010.636
5613,3221.308
5614,5686.693
5615,4401.257
5616,3514.376
5617,5387.863
5618,6224.8276
5619,4633.4937
5620,5180.1934
5621,4849.58
5622,3434.8816
5623,4776.2466
5624,5318.8315
5625,6089.62
5626,4636.6904
5627,7972.4033
5628,5734.3696
5629,3619.324
5630,9005.78
5631,3490.8167
5632,2748.4563
5633,6209.439
5634,9748.533
5635,7355.667
5636,4291.657
5637,4821.0625
5638,4748.015
5639,5780.963
5640,5002.7427
5641,6502.465
5642,3055.0295
5643,4197.1475
5644,3759.7913
5645,4472.425
5646,7024.6274
5647,5615.071
5648,5556.644
5649,3424.8728
5650,6591.6123
5651,5235.112
5652,6886.6504
5653,4737.727
5654,4127.2593
5655,5028.242
5656,6874.798
5657,5422.799
5658,3137.0842
5659,7337.6445
5660,4354.4233
5661,5625.922
5662,3959.6917
5663,3091.0442
5664,6025.7334
5665,4298.7617
5666,7383.2065
5667,5823.0664
5668,4276.9897
5669,5521.8677
5670,4016.278
5671,4294.487
5672,6995.509
5673,3831.5679
5674,6924.2725
5675,8761.96
5676,5771.5137
5677,4146.2
5678,3595.689
5679,3726.822
5680,2445.6218
5681,8202.434
5682,4939.2197
5683,7069.9185
5684,3158.29
5685,4638.7607
5686,5321.775
5687,7105.5933
5688,4999.6514
5689,4135.2354
5690,3837.9915
5691,6173.963
5692,3249.6672
5693,7103.357
5694,7174.0605
5695,6242.296
5696,6796.157
5697,5725.09
5698,5478.026
5699,3759.257
5700,4295.6055
5701,8582.648
5702,7301.7803
5703,6276.452
5704,14399.084
5705,4138.5425
5706,561.94305
5707,4697.426
5708,7017.007
5709,9129.766
5710,5957.838
5711,6593.4927
5712,6381.2637
5713,973.0574
5714,6014.3125
5715,4631.4346
5716,4677.6445
5717,4262.803
5718,3484.0298
5719,3815.9963
5720,6070.0654
5721,13948.814
5722,4941.3403
5723,4106.8257
5724,5301.0386
5725,3430.618
5726,5217.0264
5727,5307.343
5728,7331.586
5729,5340.223
5730,5089.122
5731,8819.46
5732,11391.523
5733,4294.6836
5734,4953.341
5735,3413.942
5736,4177.2085
5737,4511.476
5738,7531.44
5739,3650.7053
5740,4452.2866
5741,3490.6267
5742,4980.9062
5743,5580.711
5744,5611.0396
5745,3547.9126
5746,6452.507
5747,6155.464
5748,2071.3528
5749,3908.8772
5750,2955.0088
5751,6156.1626
5752,3605.0996
5753,7892.4854
5754,3690.0208
5755,4246.144
5756,6238.3975
5757,4285.709
5758,3667.5156
5759,4588.9414
5760,4497.164
5761,7336.525
5762,6970.233
5763,5210.8696
5764,3677.844
5765,4364.062
5766,5611.9116
5767,4335.7676
5768,4581.073
5769,5246.2993
5770,1208.6039
5771,6567.639
5772,4952.571
5773,6332.5874
5774,3816.6663
5775,7223.208
5776,4135.831
5777,8789.942
5778,4161.92
5779,4252.597
5780,2052.5408
5781,3404.452
5782,5094.0806
5783,15634.676
5784,2977.983
5785,4177.918
5786,6888.4307
5787,5204.561
5788,137.07893
5789,6534.952
5790,4762.689
5791,3961.7168
5792,3541.4946
5793,6816.3276
5794,4255.653
5795,5790.786
5796,5788.395
5797,4130.9224
5798,6506.7954
5799,5268.8115
5800,3703.3647
5801,7598.732
5802,8124.169
5803,4024.6504
5804,6538.924
5805,6546.306
5806,4988.2046
5807,8003.4424
5808,5758.042
5809,7178.503
5810,4048.1335
5811,4576.9805
5812,5421.863
5813,3741.7798
5814,6172.962
5815,3400.3623
5816,6205.898
5817,4032.7668
5818,5038.7905
5819,4882.489
5820,5622.6064
5821,5739.875
5822,6167.4766
5823,5580.6475
5824,4457.7134
5825,5225.239
5826,6620.1235
5827,7544.784
5828,6043.71
5829,3325.2856
5830,5458.05
5831,5877.2715
5832,4225.5854
5833,9742.139
5834,4742.7417
5835,5347.0327
5836,7906.054
5837,5205.842
5838,3148.372
5839,24.27817
5840,8212.306
5841,5112.954
5842,6139.2983
5843,7024.5605
5844,5709.21
5845,5212.8184
5846,5524.3965
5847,3847.9922
5848,5196.4653
5849,6210.0195
5850,3777.814
5851,6313.9263
5852,6081.7666
5853,4883.989
5854,5858.0186
5855,5273.7188
5856,5149.01
5857,3834.5918
5858,5879.514
5859,5675.4814
5860,5206.4277
5861,5795.566
5862,4705.9243
5863,6680.3066
5864,4863.431
5865,4495.11
5866,4938.0654
5867,6248.122
5868,5258.1777
5869,4012.1426
5870,4247.1523
5871,6815.5474
5872,8020.4834
5873,5026.1514
5874,6351.297
5875,5720.788
5876,4633.4673
5877,4105.4116
5878,2926.4775
5879,4863.2783
5880,5619.336
5881,4849.1177
5882,7634.7583
5883,5951.8457
5884,4046.9868
5885,6532.235
5886,3692.017
5887,2114.3281
5888,5408.0566
5889,8364.998
5890,6394.821
5891,5178.3306
5892,3224.0137
5893,5095.9224
5894,5923.4824
5895,4373.6514
5896,6459.9023
5897,4014.1218
5898,4029.4329
5899,4096.399
5900,4772.0977
5901,4419.283
5902,3618.975
5903,4088.8057
5904,3668.275
5905,5840.9844
5906,5123.988
5907,3862.8833
5908,4911.1636
5909,5814.597
5910,3694.9768
5911,4467.7173
5912,8407.583
5913,5850.4634
5914,5051.611
5915,3260.5295
5916,8781.747
5917,5712.01
5918,3953.4756
5919,6729.8257
5920,5380.7754
5921,5643.6313
5922,5345.5947
5923,5294.136
5924,6907.3135
5925,9660.132
5926,3821.4714
5927,3470.7808
5928,4323.518
5929,5076.7534
5930,5208.7227
5931,6163.5366
5932,6636.2324
5933,5381.997
5934,3165.185
5935,5061.788
5936,7566.9307
5937,3466.737
5938,5639.714
5939,2338.1582
5940,6204.0044
5941,5736.1475
5942,5330.1826
5943,6502.117
5944,5077.7754
5945,3684.453
5946,5510.797
5947,5240.173
5948,6807.595
5949,5535.1724
5950,6535.7124
5951,4558.689
5952,3505.0012
5953,7731.673
5954,3566.8042
5955,8545.491
5956,5462.3413
5957,3846.425
5958,4041.1426
5959,5100.0024
5960,6313.77
5961,895.47766
5962,3483.691
5963,3548.4236
5964,4826.722
5965,6246.09
5966,5735.918
5967,4839.243
5968,4457.6665
5969,4334.7217
5970,5561.8936
5971,4036.4768
5972,6714.3096
5973,7148.978
5974,8667.595
5975,4001.7612
5976,4335.2427
5977,10292.347
5978,8534.73
5979,3632.582
5980,7291.014
5981,5037.147
5982,4755.571
5983,3873.3848
5984,3758.2458
5985,4420.021
5986,3473.4504
5987,4421.889
5988,3498.0903
5989,6970.9375
5990,5354.7197
5991,19404.447
5992,5701.635
5993,2240.7007
5994,3731.596
5995,4859.137
5996,3350.2073
5997,3473.6094
5998,4336.413
5999,3866.773
6000,3365.9714
6001,1856.8186
6002,1965.4025
6003,3534.9736
6004,3294.896
6005,3585.4749
6006,4065.1174
6007,2442.3867
6008,922.109
6009,2769.4272
6010,4564.4546
6011,5639.2563
6012,5153.122
6013,3774.8455
6014,2374.0376
6015,3044.1692
6016,1555.4457
6017,2856.3413
6018,4661.049
6019,3890.43
6020,2842.0872
6021,2683.737
6022,2404.5593
6023,3122.2576
6024,4168.185
6025,3441.3198
6026,2613.2212
6027,2308.936
6028,4120.0176
6029,1923.407
6030,3008.956
6031,2116.9958
6032,2840.3267
6033,3068.8638
6034,2848.2554
6035,3917.3691
6036,1443.9504
6037,782.8349
6038,3653.3215
6039,3397.5024
6040,6488.407
6041,2700.3923
6042,3977.5603
6043,4527.9453
6044,4914.7905
6045,3567.1785
6046,4424.872
6047,1816.869
6048,3031.0305
6049,3575.1467
6050,3207.4695
6051,4883.043
6052,3709.7432
6053,2114.191
6054,4098.4
6055,2685.5312
6056,4874.415
6057,2086.2166
6058,6491.304
6059,2502.282
6060,2396.334
6061,4437.8706
6062,1725.9236
6063,2832.5698
6064,3981.159
6065,4056.785
6066,3055.662
6067,2317.0083
6068,5261.6143
6069,3159.8872
6070,2827.0464
6071,2386.595
6072,3251.6892
6073,4866.3364
6074,3469.7974
6075,2402.867
6076,3708.2112
6077,2813.929
6078,2555.1226
6079,2756.8901
6080,2317.2305
6081,3758.3892
6082,3134.081
6083,3650.2039
6084,2893.775
6085,2449.8792
6086,2790.1045
6087,1940.1611
6088,4193.4536
6089,3840.4124
6090,2864.6536
6091,2537.3345
6092,2822.0425
6093,3108.4468
6094,1135.4402
6095,3919.3352
6096,3301.9758
6097,3911.1074
6098,2340.6292
6099,2426.038
6100,3042.7698
6101,3332.9553
6102,3419.0132
6103,3984.776
6104,4084.0305
6105,1215.9705
6106,4329.6963
6107,2677.4675
6108,1651.564
6109,4678.3716
6110,2576.4531
6111,4969.5596
6112,4369.1436
6113,3068.7554
6114,3062.678
6115,3738.1301
6116,3748.9575
6117,2572.009
6118,1573.1372
6119,2953.9097
6120,3211.854
6121,2825.7576
6122,2647.1514
6123,4218.332
6124,3013.0925
6125,1149.3204
6126,3052.2185
6127,2878.7737
6128,3678.637
6129,3592.3289
6130,2823.4402
6131,2790.3813
6132,1999.4695
6133,3348.2231
6134,1402.3778
6135,3319.7769
6136,2599.6416
6137,4497.027
6138,4136.553
6139,2403.5615
6140,4077.2341
6141,1778.8314
6142,2339.6958
6143,5215.3496
6144,3556.8147
6145,4018.819
6146,3925.9995
6147,3158.1726
6148,3267.6196
6149,2157.708
6150,2928.8486
6151,5935.2974
6152,3187.639
6153,1736.8234
6154,2500.7832
6155,4093.6018
6156,4403.5073
6157,2558.8928
6158,3002.2207
6159,2583.8008
6160,2209.228
6161,1705.1769
6162,2543.4373
6163,3099.5278
6164,3102.7317
6165,3808.7302
6166,821.2039
6167,4649.2817
6168,4726.808
6169,3778.304
6170,2001.0698
6171,4927.526
6172,5378.215
6173,2802.1392
6174,4121.346
6175,2581.9565
6176,3615.5557
6177,2041.6135
6178,2641.5293
6179,2430.464
6180,5168.56
6181,3640.8108
6182,3774.9607
6183,4023.7021
6184,2953.6377
6185,4092.7898
6186,10798.563
6187,4794.944
6188,2874.299
6189,1765.395
6190,3089.6587
6191,3961.494
6192,2476.4658
6193,7711.9644
6194,11486.79
6195,1814.5232
6196,3186.4592
6197,4907.436
6198,2634.6772
6199,4589.3047
6200,2780.951
6201,3983.9285
6202,3305.5435
6203,2913.7214
6204,2644.5059
6205,3949.5742
6206,3696.334
6207,6132.1113
6208,3256.6438
6209,2443.6885
6210,1887.2838
6211,2436.4646
6212,3065.838
6213,2178.5005
6214,3104.3008
6215,3555.0068
6216,3316.5925
6217,2879.5125
6218,961.3765
6219,2825.8318
6220,3487.3584
6221,4188.6963
6222,3921.912
6223,3003.4297
6224,1913.3851
6225,3678.0405
6226,3473.0957
6227,3109.458
6228,1783.1539
6229,6515.204
6230,3898.8745
6231,5923.0703
6232,3783.7974
6233,2854.5938
6234,2747.3186
6235,2571.9834
6236,4663.713
6237,1972.5171
6238,3865.7957
6239,7278.264
6240,3826.812
6241,3906.7896
6242,3022.9304
6243,2424.4983
6244,3724.5332
6245,2338.186
6246,3290.511
6247,4955.397
6248,2712.0764
6249,7903.061
6250,6809.79
6251,2719.0105
6252,2787.9373
6253,3066.3704
6254,3614.0383
6255,3095.3347
6256,4765.27
6257,4489.6636
6258,4579.8193
6259,1152.8489
6260,4033.9402
6261,2585.2322
6262,3145.7031
6263,3578.4326
6264,2942.6323
6265,3765.8577
6266,3508.4805
6267,3931.3174
6268,4238.2773
6269,3039.9004
6270,4501.817
6271,3522.8076
6272,4567.8823
6273,3172.6611
6274,1625.6176
6275,2706.199
6276,3690.915
6277,3251.2798
6278,4037.7324
6279,3241.9324
6280,3999.9866
6281,2036.3832
6282,4321.4443
6283,3469.6816
6284,2155.0405
6285,7466.3457
6286,10042.728
6287,2673.9539
6288,3137.2578
6289,4583.8228
6290,5739.267
6291,5337.8857
6292,3188.0435
6293,3601.0986
6294,3072.7747
6295,4580.029
6296,2343.4646
6297,3181.223
6298,2795.4385
6299,2412.2754
6300,3755.834
6301,2392.696
6302,2306.8982
6303,3613.0732
6304,1754.9556
6305,1720.0449
6306,3039.0073
6307,3099.235
6308,4470.1597
6309,3848.8953
6310,3894.0127
6311,3410.2507
6312,3389.8718
6313,5420.27
6314,3456.8433
6315,2752.4895
6316,1915.6915
6317,4384.0605
6318,2582.9321
6319,3771.6816
6320,1716.9784
6321,2430.07
6322,2701.4707
6323,1827.2284
6324,3013.2708
6325,3710.228
6326,4665.3413
6327,5876.0156
6328,3485.8052
6329,3680.3674
6330,1634.9658
6331,2407.3298
6332,3496.7324
6333,1608.9384
6334,4900.2886
6335,2706.1655
6336,2918.5996
6337,4301.777
6338,5430.7603
6339,4066.3584
6340,3053.363
6341,2523.6592
6342,5493.3467
6343,3250.4578
6344,3029.3914
6345,2669.6409
6346,3586.0837
6347,5501.8364
6348,1981.0775
6349,3366.7166
6350,3904.4648
6351,3904.2898
6352,5917.4233
6353,3098.4783
6354,6471.2
6355,2588.527
6356,2681.4478
6357,1937.1339
6358,3244.3489
6359,2397.545
6360,2979.9197
6361,3871.5933
6362,2078.7437
6363,2278.5652
6364,3591.4517
6365,2285.624
6366,2949.3647
6367,2917.972
6368,1490.6088
6369,4247.8735
6370,2176.3918
6371,4729.3247
6372,2416.199
6373,2299.9204
6374,2603.0093
6375,2299.7012
6376,5569.31
6377,3827.451
6378,1931.9987
6379,3345.3145
6380,4300.989
6381,3611.1125
6382,2982.8164
6383,4442.97
6384,1748.098
6385,3452.7893
6386,2804.1729
6387,4686.295
6388,3387.9807
6389,3241.7996
6390,2559.0269
6391,2711.7842
6392,2142.7224
6393,3121.1736
6394,3588.7324
6395,4793.1284
6396,5481.633
6397,5773.105
6398,4388.42
6399,3505.503
6400,3034.5342
6401,5510.3604
6402,4585.5107
6403,2586.8667
6404,4487.9033
6405,4282.7993
6406,1061.6034
6407,2048.4995
6408,3534.9297
6409,2777.2947
6410,3495.0815
6411,2855.0403
6412,1374.4651
6413,4985.826
6414,2649.098
6415,2928.808
6416,2178.4414
6417,2654.2385
6418,3436.7695
6419,3412.291
6420,2737.6707
6421,2861.7268
6422,2266.8364
6423,2241.6074
6424,2187.8167
6425,3756.1814
6426,9580.635
6427,2611.1987
6428,3288.44
6429,3076.9722
6430,2865.095
6431,2672.0833
6432,2891.312
6433,2424.3987
6434,2984.2795
6435,3493.8916
6436,1775.9304
6437,3439.1472
6438,1748.4275
6439,2598.8928
6440,5077.5864
6441,4327.3267
6442,5361.8394
6443,2696.0203
6444,3558.4065
6445,2385.0198
6446,2680.408
6447,8118.4214
6448,3323.573
6449,3310.0623
6450,2930.1133
6451,2144.685
6452,1217.7085
6453,2554.6252
6454,5132.22
6455,2616.464
6456,2727.8157
6457,3940.3733
6458,2668.648
6459,3345.3433
6460,2460.6382
6461,3799.9478
6462,2865.117
6463,2385.0552
6464,2221.4036
6465,2609.1667
6466,4541.506
6467,3874.6377
6468,3761.5564
6469,1555.9193
6470,2908.6765
6471,3191.0984
6472,2441.3044
6473,3145.097
6474,3842.0833
6475,3044.7007
6476,3136.2314
6477,3112.2449
6478,1866.0118
6479,3085.9795
6480,3476.3076
6481,3095.308
6482,2306.1597
6483,4321.234
6484,2573.2449
6485,2484.786
6486,5971.8794
6487,2226.8381
6488,1750.4541
6489,3886.2014
6490,1297.9054
6491,5121.2324
6492,2578.558
6493,2909.9976
6494,2207.5845
6495,4201.6343
6496,3011.9773
6497,4104.4995
6498,1973.642
6499,2779.813
6500,2471.0623
6501,2954.7395
6502,3113.0852
6503,3431.4067
6504,3764.8806
6505,1743.9736
6506,4479.764
6507,2662.0073
6508,3344.3381
6509,2546.855
6510,2336.673
6511,2194.806
6512,3461.1394
6513,3743.7256
6514,2286.3962
6515,4492.765
6516,2743.3271
6517,3721.8623
6518,2674.1567
6519,1693.6931
6520,3006.3535
6521,2970.4722
6522,4502.0786
6523,3659.0625
6524,3216.8186
6525,3534.7712
6526,3084.696
6527,2945.4915
6528,3392.2397
6529,2932.6484
6530,5019.1133
6531,5749.042
6532,4025.8098
6533,2831.9175
6534,1848.0259
6535,1769.1007
6536,1695.5463
6537,5017.8447
6538,2688.5652
6539,4325.9233
6540,1641.4597
6541,2484.9517
6542,2602.0833
6543,4538.6
6544,2258.8699
6545,1973.6194
6546,2505.5596
6547,3928.412
6548,1906.5774
6549,4313.9526
6550,3962.227
6551,4505.232
6552,3897.5469
6553,3755.6726
6554,3217.9143
6555,2548.3875
6556,2233.626
6557,5009.8296
6558,5183.045
6559,4346.63
6560,8619.475
6561,3030.01
6562,304.7124
6563,3214.8306
6564,4251.388
6565,4466.963
6566,3679.3354
6567,4118.214
6568,3968.684
6569,94.85386
6570,3456.6848
6571,2887.2354
6572,2721.6707
6573,1997.9572
6574,2388.9905
6575,2559.762
6576,3707.6523
6577,8739.017
6578,2735.462
6579,1936.8557
6580,3972.703
6581,1699.2538
6582,3115.3281
6583,3286.8027
6584,3831.3887
6585,2751.8198
6586,3326.7039
6587,5527.717
6588,6646.919
6589,2849.9841
6590,2768.6638
6591,2246.8694
6592,3075.4492
6593,2761.286
6594,3893.4482
6595,2451.958
6596,2067.1365
6597,1816.5162
6598,2972.7615
6599,3715.516
6600,3453.771
6601,1874.9205
6602,3802.4026
6603,4074.532
6604,1512.5709
6605,2366.5454
6606,1944.7595
6607,3883.874
6608,1596.8851
6609,4851.94
6610,2404.1326
6611,2817.7744
6612,4125.0117
6613,2982.99
6614,1909.0094
6615,2580.2488
6616,2863.0935
6617,4678.345
6618,4706.867
6619,3169.6028
6620,2492.7747
6621,2262.1448
6622,2948.7402
6623,2681.2456
6624,3219.8518
6625,3273.857
6626,662.6631
6627,3841.9622
6628,2962.3433
6629,4571.5615
6630,1858.3597
6631,4571.0293
6632,2863.4404
6633,5978.8047
6634,2852.8745
6635,2529.5674
6636,1250.0181
6637,2466.2117
6638,3450.0664
6639,7031.4917
6640,1960.8713
6641,2550.8708
6642,4319.083
6643,3446.698
6644,83.66983
6645,4173.5327
6646,3022.074
6647,1762.7976
6648,2408.281
6649,3982.5947
6650,2398.9624
6651,3735.2607
6652,3803.509
6653,1823.5115
6654,3876.438
6655,3061.7986
6656,2479.946
6657,4307.073
6658,4929.4673
6659,2014.7142
6660,3908.862
6661,4091.7515
6662,3053.0105
6663,5049.6357
6664,3608.461
6665,4431.1616
6666,2601.9517
6667,3089.635
6668,3641.377
6669,2131.595
6670,3410.049
6671,2457.648
6672,4092.9148
6673,2651.1572
6674,2545.7727
6675,3679.7705
6676,3611.2744
6677,4328.2676
6678,3709.092
6679,2918.228
6680,2911.1443
6681,3243.736
6682,4452.7285
6683,4092.2666
6684,3866.1497
6685,1781.3563
6686,2331.0884
6687,3645.6765
6688,2286.274
6689,5749.881
6690,2320.0698
6691,3564.6138
6692,5230.6094
6693,3365.8142
6694,2084.574
6695,18.356798
6696,5241.8423
6697,3103.4658
6698,4243.8926
6699,4358.0425
6700,2474.3499
6701,3362.903
6702,3436.255
6703,2320.2922
6704,2415.4211
6705,3617.636
6706,2481.5034
6707,2846.2808
6708,3275.175
6709,3556.9946
6710,3783.2415
6711,3275.075
6712,3669.2024
6713,2455.371
6714,3651.7258
6715,3460.4956
6716,3254.1716
6717,4030.7708
6718,3137.138
6719,4317.7607
6720,3063.1804
6721,2275.5464
6722,3136.6353
6723,3836.4102
6724,3419.871
6725,2507.3135
6726,2504.656
6727,3627.2737
6728,4207.446
6729,2273.5142
6730,4048.902
6731,3433.473
6732,3205.851
6733,2552.6702
6734,2075.623
6735,3463.0781
6736,3580.6965
6737,3323.3638
6738,4634.307
6739,3893.749
6740,2639.4346
6741,4224.6465
6742,1913.754
6743,1648.9263
6744,3459.1687
6745,4524.1675
6746,4192.65
6747,3592.0754
6748,1504.6635
6749,3253.8271
6750,4297.503
6751,2914.5957
6752,2548.9456
6753,2550.9258
6754,2803.4011
6755,1996.404
6756,3086.2532
6757,2807.393
6758,2616.845
6759,2366.245
6760,1802.5743
6761,2884.419
6762,3547.598
6763,2027.5461
6764,3381.6907
6765,3342.364
6766,2615.154
6767,2604.3755
6768,4774.256
6769,3445.4883
6770,2459.4011
6771,2082.429
6772,5675.1133
6773,3449.4841
6774,2385.0483
6775,3677.0757
6776,3436.5269
6777,3570.314
6778,3251.255
6779,3420.4844
6780,4344.2876
6781,4514.0503
6782,2612.1755
6783,2239.021
6784,2593.4177
6785,3412.9944
6786,3265.7156
6787,4227.573
6788,4106.4185
6789,2629.2673
6790,2361.7747
6791,3441.4707
6792,4762.848
6793,2403.9858
6794,3415.2676
6795,1131.4128
6796,3705.5237
6797,3771.0771
6798,3585.4304
6799,4173.9346
6800,3231.2278
6801,1793.7533
6802,3377.6992
6803,3373.2395
6804,4235.2017
6805,3634.6375
6806,3371.084
6807,3298.5881
6808,2296.926
6809,5487.696
6810,1862.0242
6811,6063.1333
6812,2649.409
6813,1820.297
6814,2534.8992
6815,3496.4421
6816,3767.0503
6817,532.9074
6818,2530.306
6819,2257.1453
6820,2561.9634
6821,4624.292
6822,3071.494
6823,2953.2039
6824,2991.4795
6825,3003.6245
6826,3495.1016
6827,2940.4534
6828,4696.7134
6829,4597.761
6830,4165.8877
6831,1859.1375
6832,2851.3672
6833,6263.708
6834,6102.983
6835,2564.136
6836,4631.2666
6837,2519.6162
6838,2836.0295
6839,2097.9778
6840,2519.9624
6841,2850.6584
6842,1617.8503
6843,2062.6848
6844,2256.227
6845,4267.2783
6846,3893.229
6847,11621.54
6848,3370.7915
6849,3621.2026
6850,6173.9863
6851,8012.1343
6852,5095.5435
6853,5861.6294
6854,4666.8726
6855,6851.154
6856,6476.9
6857,3628.118
6858,3168.7651
6859,5632.005
6860,7308.5596
6861,6050.3833
6862,7027.362
6863,4681.7246
6864,1691.1156
6865,4439.263
6866,7969.522
6867,9075.33
6868,8539.291
6869,6080.1597
6870,4127.8105
6871,4772.9263
6872,3154.9956
6873,4822.424
6874,7198.9287
6875,7720.067
6876,4471.034
6877,4480.901
6878,3738.1873
6879,6521.9062
6880,8147.829
6881,5579.5986
6882,3863.1304
6883,4640.9297
6884,7154.019
6885,3174.944
6886,6100.16
6887,3270.9504
6888,5740.4497
6889,5208.2705
6890,4680.8984
6891,6112.222
6892,2815.7402
6893,1916.5737
6894,5792.173
6895,5680.182
6896,10008.504
6897,5384.4204
6898,7865.386
6899,7421.29
6900,8142.7485
6901,5723.932
6902,7463.8325
6903,3794.7932
6904,5030.276
6905,5481.2876
6906,5219.1567
6907,9333.432
6908,6020.0864
6909,4047.925
6910,6106.96
6911,5733.4727
6912,7959.912
6913,3221.1023
6914,11113.552
6915,3970.5964
6916,4986.773
6917,7338.701
6918,3364.9314
6919,4646.0186
6920,5632.4937
6921,6505.2812
6922,4590.18
6923,4546.2173
6924,9516.548
6925,5093.07
6926,4348.9897
6927,4685.249
6928,5323.872
6929,9928.82
6930,5750.9175
6931,4006.7422
6932,5091.3555
6933,4628.789
6934,5180.188
6935,5580.7695
6936,3742.8687
6937,6382.907
6938,5446.193
6939,6011.462
6940,4802.3823
6941,4152.7153
6942,4303.451
6943,4302.24
6944,6903.592
6945,7899.617
6946,4960.793
6947,4084.8525
6948,5942.242
6949,4776.137
6950,2284.1963
6951,6643.864
6952,7348.5986
6953,6605.541
6954,5051.124
6955,4100.8716
6956,4970.996
6957,6829.4995
6958,7433.992
6959,6229.264
6960,6886.0396
6961,2596.1865
6962,6874.044
6963,4317.427
6964,2705.5112
6965,7448.9473
6966,4875.029
6967,8285.498
6968,6739.596
6969,6041.41
6970,4725.433
6971,6227.3516
6972,6148.264
6973,5259.482
6974,3061.5415
6975,4636.491
6976,6012.1445
6977,4636.204
6978,4209.9023
6979,6530.609
6980,5792.8467
6981,2133.3132
6982,5004.003
6983,4411.071
6984,6070.714
6985,5717.7607
6986,5323.958
6987,4585.734
6988,3448.8655
6989,5485.231
6990,3052.163
6991,5113.042
6992,4256.4565
6993,6973.93
6994,9744.61
6995,4766.9478
6996,8039.7153
6997,3502.03
6998,4522.0493
6999,8679.946
7000,5641.9683
7001,6405.62
7002,6560.4326
7003,4658.28
7004,5348.1245
7005,4565.534
7006,4617.7065
7007,9319.386
7008,5060.5137
7009,2738.4307
7010,4273.4297
7011,6541.2754
7012,6486.167
7013,4819.2144
7014,5092.8467
7015,4125.7397
7016,5728.7114
7017,2882.1194
7018,4287.0376
7019,4866.3223
7020,6430.1675
7021,5945.326
7022,108.494225
7023,6383.6016
7024,7077.9478
7025,6174.375
7026,3943.7087
7027,7682.583
7028,8523.724
7029,4584.3037
7030,6965.561
7031,4093.1567
7032,6000.606
7033,3172.9033
7034,5431.128
7035,3991.129
7036,8732.31
7037,5742.8926
7038,6170.5776
7039,6673.3774
7040,4666.0356
7041,6512.632
7042,16614.115
7043,6950.8667
7044,4939.446
7045,2806.1584
7046,5115.6226
7047,6821.6807
7048,5633.128
7049,11827.254
7050,17439.777
7051,3652.1472
7052,5162.3716
7053,7391.789
7054,4332.5513
7055,8425.107
7056,4122.691
7057,6443.2324
7058,5175.491
7059,4984.647
7060,4972.428
7061,6319.1196
7062,7710.28
7063,5254.372
7064,5241.657
7065,5257.0645
7066,3797.8206
7067,3737.9233
7068,5833.5513
7069,4708.008
7070,4865.524
7071,5987.7705
7072,5239.163
7073,4868.737
7074,1586.2922
7075,5863.441
7076,6484.67
7077,6587.8223
7078,6082.764
7079,5054.064
7080,3055.184
7081,5408.005
7082,5517.345
7083,5134.316
7084,3828.9956
7085,10978.198
7086,6186.2236
7087,10176.473
7088,6290.4526
7089,3793.7544
7090,4244.783
7091,3943.009
7092,7859.5146
7093,3978.0955
7094,5767.062
7095,11669.154
7096,6421.893
7097,6082.538
7098,4178.002
7099,3944.4875
7100,5827.5674
7101,3697.7695
7102,5590.877
7103,8188.942
7104,4388.7803
7105,11742.158
7106,10875.266
7107,4151.456
7108,5315.4336
7109,5153.442
7110,5777.699
7111,4882.512
7112,8502.661
7113,5475.461
7114,7682.3926
7115,1988.1796
7116,6605.081
7117,4907.1924
7118,5451.8115
7119,5545.8
7120,4638.3447
7121,5971.293
7122,6637.8213
7123,6471.003
7124,6681.8423
7125,5948.5483
7126,7409.132
7127,5697.3613
7128,8383.528
7129,5194.9585
7130,3134.631
7131,4260.1855
7132,7663.92
7133,5091.4526
7134,6005.1123
7135,5607.5615
7136,7048.0366
7137,3808.4214
7138,6579.596
7139,5519.798
7140,3371.695
7141,11384.821
7142,14938.428
7143,5147.4434
7144,5152.2427
7145,7525.6377
7146,9016.704
7147,8845.28
7148,4852.287
7149,5611.066
7150,4829.587
7151,6769.025
7152,3679.7812
7153,5160.909
7154,4692.6963
7155,4626.3965
7156,6248.414
7157,5109.166
7158,3636.0315
7159,5693.537
7160,3444.532
7161,3443.4707
7162,5178.1084
7163,5249.788
7164,7368.201
7165,7515.947
7166,6095.8677
7167,5439.952
7168,5337.392
7169,9128.181
7170,5937.432
7171,4354.9673
7172,3864.0295
7173,7346.5874
7174,4168.905
7175,6205.425
7176,2877.9856
7177,3643.66
7178,5387.179
7179,2513.1953
7180,5633.837
7181,7632.785
7182,7489.912
7183,9441.392
7184,5500.6245
7185,6887.189
7186,2588.994
7187,4630.622
7188,5382.259
7189,3176.186
7190,7494.1494
7191,4348.4795
7192,4951.39
7193,7050.289
7194,9248.504
7195,6778.9814
7196,5027.94
7197,4046.1956
7198,9674.165
7199,6632.5684
7200,4874.634
7201,5257.7563
7202,5761.558
7203,8554.168
7204,4164.505
7205,5300.0073
7206,6563.6187
7207,6561.39
7208,9472.528
7209,4827.597
7210,10454.902
7211,5017.668
7212,4352.779
7213,2765.2559
7214,5633.7188
7215,5041.627
7216,4786.755
7217,6238.909
7218,4205.788
7219,3606.7473
7220,5588.51
7221,3837.8926
7222,5996.7266
7223,6013.578
7224,3105.0237
7225,6709.8154
7226,4193.146
7227,7875.032
7228,5023.084
7229,4904.806
7230,5388.1353
7231,4797.6436
7232,8982.198
7233,5986.474
7234,4003.323
7235,5357.218
7236,6974.9814
7237,6124.279
7238,5270.49
7239,7216.1357
7240,1699.3827
7241,6644.9604
7242,5801.5615
7243,6579.9663
7244,5139.6226
7245,5123.123
7246,4263.474
7247,4649.5347
7248,3619.8142
7249,4265.0566
7250,7093.2285
7251,7440.7383
7252,8722.695
7253,9035.808
7254,7008.5923
7255,5602.7656
7256,4991.984
7257,9212.47
7258,9792.976
7259,5584.0337
7260,7243.402
7261,7358.0737
7262,2288.1704
7263,3423.158
7264,7180.708
7265,6112.706
7266,5833.323
7267,5200.3677
7268,2249.04
7269,8684.683
7270,5515.619
7271,4905.1567
7272,3603.0881
7273,5148.4253
7274,5719.206
7275,6072.695
7276,5110.911
7277,5134.189
7278,3661.9536
7279,3496.7725
7280,3520.7312
7281,5740.8223
7282,15938.744
7283,3796.0168
7284,5254.0967
7285,5284.2324
7286,4060.494
7287,4482.205
7288,4488.036
7289,4223.6753
7290,5534.169
7291,5405.4316
7292,3048.4966
7293,6938.9966
7294,3795.7163
7295,4353.4473
7296,8111.8345
7297,6687.147
7298,8530.516
7299,4369.519
7300,5337.5703
7301,3864.2654
7302,4523.434
7303,12629.521
7304,6955.1245
7305,5301.079
7306,4662.1562
7307,4355.57
7308,2543.1182
7309,4017.1938
7310,6869.7114
7311,4268.2515
7312,4464.5947
7313,5669.351
7314,4014.118
7315,5221.477
7316,5528.9614
7317,6105.7134
7318,5975.156
7319,3965.04
7320,4586.7793
7321,5228.355
7322,7395.2656
7323,6613.0615
7324,6115.8843
7325,3320.559
7326,6049.385
7327,5277.4775
7328,4043.0935
7329,5305.5005
7330,6334.6655
7331,4856.334
7332,5460.44
7333,5197.6006
7334,2630.2532
7335,4833.8037
7336,5548.271
7337,6154.407
7338,4688.893
7339,8605.346
7340,4643.9497
7341,4092.6335
7342,9327.47
7343,4067.088
7344,3253.3057
7345,6348.3594
7346,2569.8923
7347,9270.061
7348,4357.577
7349,4585.8213
7350,4258.9053
7351,6409.984
7352,4808.5566
7353,6843.2124
7354,3201.1692
7355,4691.5234
7356,4326.695
7357,4827.6157
7358,7245.862
7359,5510.555
7360,6171.5015
7361,3517.0557
7362,7037.504
7363,6001.562
7364,6670.1514
7365,4480.3496
7366,5045.524
7367,4796.893
7368,7043.3325
7369,6053.073
7370,3123.172
7371,8015.895
7372,3932.6
7373,5786.237
7374,4064.8809
7375,3347.8718
7376,6293.5854
7377,4919.589
7378,7145.8013
7379,5531.731
7380,4719.01
7381,5617.7603
7382,5129.4062
7383,4590.2544
7384,6220.6016
7385,4738.758
7386,7547.0586
7387,8480.462
7388,6235.3516
7389,4695.4453
7390,4020.138
7391,3464.7996
7392,2794.3306
7393,7965.3955
7394,4054.9897
7395,7170.3047
7396,3334.186
7397,4613.234
7398,5249.157
7399,7256.3325
7400,4389.5713
7401,3967.98
7402,4418.8237
7403,6369.582
7404,3593.8577
7405,6515.664
7406,6563.1865
7407,7008.599
7408,6276.8413
7409,5974.9106
7410,4944.5464
7411,4194.122
7412,4411.34
7413,9069.628
7414,6873.4014
7415,6832.36
7416,13404.916
7417,4366.344
7418,694.13727
7419,5321.313
7420,6872.864
7421,9290.437
7422,5807.5522
7423,6557.7363
7424,6544.5957
7425,202.11275
7426,5282.247
7427,4444.3857
7428,4481.7773
7429,4085.059
7430,3919.0886
7431,3935.734
7432,6020.4883
7433,14508.51
7434,5915.2393
7435,3884.3335
7436,5822.1504
7437,3212.3718
7438,5069.9644
7439,4091.0605
7440,7592.8203
7441,5436.923
7442,5313.0005
7443,9465.23
7444,10406.136
7445,4636.164
7446,5473.2993
7447,3503.644
7448,4622.378
7449,5292.1567
7450,7709.1475
7451,3991.6694
7452,4215.7695
7453,3696.6726
7454,4847.374
7455,5416.0684
7456,5519.8926
7457,3761.4739
7458,6012.2935
7459,6665.394
7460,2374.0386
7461,3761.7573
7462,3195.223
7463,6290.105
7464,3164.8318
7465,8517.67
7466,3653.3076
7467,3874.4048
7468,6809.3613
7469,4613.5947
7470,4057.9963
7471,4328.9365
7472,5411.849
7473,7745.6455
7474,7832.1333
7475,5044.263
7476,3994.332
7477,4672.743
7478,5237.864
7479,4549.4233
7480,5263.733
7481,5470.324
7482,1466.6127
7483,6001.367
7484,4624.376
7485,6838.3706
7486,3997.557
7487,7490.298
7488,4700.3657
7489,9859.657
7490,4440.9785
7491,4069.525
7492,1814.4902
7493,3821.4824
7494,5736.6294
7495,15168.597
7496,3169.0042
7497,3958.2227
7498,7400.8965
7499,5654.4995
7500,666.4011
7501,6881.529
7502,4950.7383
7503,3769.0632
7504,3887.9739
7505,7433.9004
7506,4710.8784
7507,6060.5254
7508,6244.3745
7509,3805.5234
7510,6043.577
7511,4929.322
7512,4169.04
7513,7225.2407
7514,7701.1885
7515,3959.465
7516,6412.326
7517,5557.1157
7518,4735.265
7519,7636.7246
7520,5567.9023
7521,7617.599
7522,3885.197
7523,4218.0464
7524,6891.5723
7525,3499.6157
7526,7445.8857
7527,4434.4556
7528,6633.846
7529,4300.324
7530,5257.21
7531,6258.2075
7532,5908.4106
7533,6760.1724
7534,5648.5537
7535,6068.8496
7536,5233.8687
7537,6010.4873
7538,7021.0776
7539,8837.548
7540,6143.0884
7541,2938.8071
7542,4884.7993
7543,6091.787
7544,3829.3682
7545,9621.485
7546,4815.63
7547,5791.6035
7548,8393.554
7549,6061.728
7550,3717.856
7551,44.26393
7552,9911.817
7553,5037.2144
7554,6779.544
7555,7372.356
7556,4852.9536
7557,5327.55
7558,5718.666
7559,4775.1895
7560,5244.823
7561,5781.5415
7562,3985.2664
7563,6205.324
7564,5213.221
7565,5392.989
7566,6479.7363
7567,5460.69
7568,5121.618
7569,3982.3896
7570,6786.6543
7571,5910.406
7572,5183.02
7573,5941.7715
7574,4504.4585
7575,7089.9746
7576,4847.67
7577,4399.8296
7578,4696.6104
7579,5976.963
7580,5446.603
7581,4112.2393
7582,4192.8857
7583,6201.129
7584,8180.0347
7585,4803.885
7586,6414.816
7587,5820.9673
7588,5218.0967
7589,4215.094
7590,3247.876
7591,6026.532
7592,5608.3105
7593,5246.965
7594,8489.461
7595,6617.0806
7596,4500.898
7597,6441.26
7598,4255.7583
7599,2701.0186
7600,5981.634
7601,9356.811
7602,6422.1562
7603,5556.607
7604,3111.55
7605,5439.5684
7606,7624.0757
7607,4955.9404
7608,5401.1333
7609,4558.2544
7610,4451.0386
7611,4417.3657
7612,4785.303
7613,4718.87
7614,4166.1064
7615,3350.2551
7616,3540.3901
7617,6201.5547
7618,5473.226
7619,4264.621
7620,5266.334
7621,5392.336
7622,4525.778
7623,4624.9097
7624,7573.9277
7625,5437.732
7626,4605.9565
7627,3520.9329
7628,9132.16
7629,5214.2007
7630,4337.257
7631,6328.4814
7632,5871.4272
7633,6190.905
7634,5113.91
7635,5933.8145
7636,7339.3315
7637,9162.601
7638,4284.969
7639,3630.275
7640,3897.2495
7641,5269.0776
7642,4977.515
7643,7302.6787
7644,6295.711
7645,4983.6963
7646,3734.1526
7647,5308.482
7648,6958.3296
7649,4095.6562
7650,5127.4546
7651,2243.2217
7652,5672.142
7653,7584.952
7654,5871.64
7655,6925.871
7656,5410.7295
7657,3723.8545
7658,5232.875
7659,5611.9385
7660,6703.195
7661,5956.23
7662,6720.9927
7663,4675.985
7664,3790.1624
7665,8662.619
7666,3962.6277
7667,9074.24
7668,5186.8184
7669,3934.51
7670,4225.2466
7671,5587.545
7672,7084.4185
7673,925.5938
7674,4245.9897
7675,3605.815
7676,5624.6123
7677,7831.924
7678,6423.2773
7679,4848.447
7680,4934.1953
7681,4428.4614
7682,5426.628
7683,4760.4272
7684,7309.229
7685,7390.633
7686,8902.886
7687,3514.1614
7688,5064.058
7689,9898.714
7690,7853.5273
7691,4166.766
7692,7242.255
7693,4691.3984
7694,4611.7114
7695,4109.2124
7696,3909.265
7697,4399.481
7698,3111.9033
7699,3939.9448
7700,3477.5383
7701,6989.513
7702,5983.2773
7703,20065.537
7704,5604.8877
7705,3829.6824
7706,5376.5835
7707,9062.606
7708,5010.9478
7709,5898.725
7710,4407.428
7711,6049.431
7712,5522.0415
7713,1907.8348
7714,2982.6086
7715,5119.313
7716,6354.563
7717,5394.939
7718,6416.566
7719,4348.139
7720,1428.245
7721,4252.281
7722,7356.144
7723,9302.193
7724,8614.478
7725,6496.098
7726,4521.1
7727,4742.769
7728,3210.5369
7729,5373.323
7730,6746.877
7731,7056.943
7732,4314.294
7733,3609.4526
7734,3573.1182
7735,6396.828
7736,7566.7144
7737,5549.626
7738,3647.5132
7739,4782.3555
7740,7257.2188
7741,3149.4744
7742,5692.9614
7743,3178.3533
7744,4758.2437
7745,4874.341
7746,4941.0244
7747,5484.342
7748,2267.0776
7749,1852.2557
7750,6143.7505
7751,5264.8525
7752,10889.963
7753,5509.294
7754,7321.363
7755,8205.462
7756,7404.088
7757,5841.915
7758,6661.0723
7759,3475.3196
7760,5787.9204
7761,5491.0366
7762,5405.4624
7763,9117.539
7764,5268.51
7765,3849.8718
7766,6180.7153
7767,5598.198
7768,7649.307
7769,3278.3135
7770,11340.821
7771,3750.3347
7772,4797.085
7773,7301.1743
7774,3225.3147
7775,4250.5527
7776,5384.96
7777,6555.46
7778,4444.28
7779,3578.9753
7780,9661.606
7781,4707.177
7782,4579.0767
7783,4156.389
7784,5825.489
7785,9503.287
7786,6192.9956
7787,4345.9126
7788,4994.532
7789,5076.7876
7790,4936.2383
7791,5234.013
7792,3900.9465
7793,6541.8555
7794,5618.7246
7795,5608.749
7796,5211.441
7797,4458.862
7798,4278.0586
7799,4305.348
7800,7331.789
7801,7481.0806
7802,4753.884
7803,4167.537
7804,5146.471
7805,5244.1978
7806,1901.719
7807,6392.241
7808,7096.754
7809,6233.7935
7810,3967.0754
7811,4189.911
7812,4994.985
7813,6172.414
7814,7075.0254
7815,5997.1157
7816,6747.1665
7817,2536.9207
7818,7022.839
7819,4673.265
7820,2522.8237
7821,7872.6064
7822,4995.79
7823,8700.0625
7824,6699.5195
7825,6130.024
7826,4930.7373
7827,6491.564
7828,5783.7754
7829,5356.0986
7830,3040.3904
7831,4958.787
7832,5987.7075
7833,4544.067
7834,3987.2397
7835,7113.5747
7836,5122.3364
7837,2242.9832
7838,5142.8936
7839,4650.6436
7840,6184.8906
7841,5788.439
7842,5375.584
7843,4573.1577
7844,3239.7065
7845,5627.489
7846,2632.19
7847,5329.446
7848,4222.9985
7849,7183.852
7850,9064.292
7851,4342.0757
7852,7589.2725
7853,3286.8123
7854,3961.5166
7855,8824.66
7856,5635.433
7857,6312.4873
7858,7085.317
7859,4796.2295
7860,5451.515
7861,4389.291
7862,4803.065
7863,9731.078
7864,5225.7573
7865,2763.3757
7866,4123.0093
7867,6139.064
7868,6251.7764
7869,4264.6333
7870,5175.8613
7871,4143.421
7872,3339.9734
7873,3153.2083
7874,4270.414
7875,4931.7393
7876,5471.9995
7877,6134.586
7878,112.92463
7879,6580.8516
7880,6563.625
7881,6229.056
7882,3679.381
7883,8554.151
7884,8601.07
7885,3998.743
7886,6178.823
7887,4311.361
7888,6348.045
7889,3015.8762
7890,4915.311
7891,3463.144
7892,9036.031
7893,5809.6406
7894,6080.8965
7895,6206.881
7896,4734.3257
7897,6644.5547
7898,16390.002
7899,6506.963
7900,5451.2915
7901,2559.8572
7902,4930.991
7903,7105.22
7904,5264.175
7905,11820.6455
7906,17385.39
7907,3600.6108
7908,5016.39
7909,7229.997
7910,4443.8516
7911,7318.1304
7912,3925.9248
7913,6415.556
7914,5470.6685
7915,4521.247
7916,4734.127
7917,6469.8057
7918,6700.7593
7919,5021.1533
7920,5073.534
7921,4584.339
7922,3441.5037
7923,3887.54
7924,5410.8633
7925,4750.96
7926,4938.518
7927,6205.922
7928,5590.0024
7929,4551.5635
7930,1617.1241
7931,5601.8037
7932,6015.844
7933,7183.6055
7934,6208.586
7935,5153.245
7936,2731.1802
7937,5029.9307
7938,6089.9395
7939,4685.8125
7940,3692.3835
7941,11804.76
7942,6152.676
7943,9048.434
7944,6198.397
7945,3974.583
7946,4168.352
7947,4230.8447
7948,7910.1123
7949,3735.4495
7950,5818.3916
7951,12502.209
7952,6150.7393
7953,6230.863
7954,4241.9697
7955,3884.3928
7956,6759.341
7957,3671.699
7958,4863.5796
7959,8453.078
7960,4220.0425
7961,13172.015
7962,14361.861
7963,4273.291
7964,4244.087
7965,5143.3306
7966,5679.3535
7967,6268.178
7968,7919.8433
7969,5008.5396
7970,8052.2935
7971,2296.777
7972,6450.599
7973,4012.977
7974,5745.8184
7975,5485.5557
7976,4559.655
7977,5796.854
7978,6117.7163
7979,6429.9404
7980,6932.864
7981,5383.943
7982,7513.087
7983,5507.2446
7984,8831.599
7985,5140.6475
7986,2786.3418
7987,4349.749
7988,7051.136
7989,5093.4443
7990,5663.352
7991,5284.686
7992,6733.267
7993,3162.7644
7994,6528.8647
7995,5682.415
7996,3523.288
7997,11110.5625
7998,15908.233
7999,4818.943
8000,5376.0195
8001,7566.4688
8002,9537.674
8003,9048.131
8004,4996.2856
8005,6249.749
8006,4822.4746
8007,7233.5015
8008,3807.1428
8009,5436.648
8010,4468.2627
8011,4850.741
8012,6489.4653
8013,4470.181
8014,3450.5044
8015,5525.5713
8016,3278.817
8017,3286.875
8018,5422.9126
8019,4957.1553
8020,7419.7046
8021,6511.905
8022,6365.5493
8023,5310.7305
8024,5290.88
8025,9454.395
8026,5788.323
8027,4088.9265
8028,4199.795
8029,7132.5845
8030,4236.6685
8031,6077.2783
8032,2927.0122
8033,3705.605
8034,5540.3384
8035,2951.235
8036,5068.4556
8037,6999.807
8038,7693.6484
8039,10154.057
8040,5636.0625
8041,6702.287
8042,2800.2805
8043,4559.0283
8044,5491.6387
8045,2839.3066
8046,7621.5386
8047,4286.5103
8048,5128.5894
8049,7317.3555
8050,8771.342
8051,6377.443
8052,5071.565
8053,3963.917
8054,9669.368
8055,6117.0923
8056,5064.541
8057,4887.927
8058,5937.251
8059,8410.054
8060,3580.1738
8061,5669.9517
8062,6444.443
8063,6558.6494
8064,10610.355
8065,4624.1245
8066,10492.933
8067,5086.899
8068,4520.9536
8069,2844.0496
8070,5875.8364
8071,4732.5737
8072,4780.6904
8073,5439.9365
8074,3424.8367
8075,3513.3735
8076,5623.7114
8077,3995.7803
8078,5668.74
8079,4657.1025
8080,2970.274
8081,6739.4355
8082,4315.8047
8083,8015.91
8084,4602.8384
8085,4315.3726
8086,4724.157
8087,4405.6123
8088,8507.1875
8089,6411.684
8090,3915.083
8091,5391.9756
8092,6255.4565
8093,5705.2085
8094,4989.8135
8095,7220.3286
8096,1823.4071
8097,5569.443
8098,4784.03
8099,6569.268
8100,4856.274
8101,5202.9526
8102,4210.312
8103,4273.5435
8104,3564.1343
8105,4066.6262
8106,6703.8213
8107,8392.921
8108,8912.937
8109,7075.464
8110,7207.4067
8111,5804.5337
8112,4960.949
8113,9461.539
8114,9012.955
8115,5035.893
8116,7326.0146
8117,7430.9937
8118,2095.69
8119,3806.4055
8120,7099.6787
8121,5384.354
8122,4716.6426
8123,5478.988
8124,2329.2744
8125,8604.738
8126,5155.0103
8127,4928.0664
8128,3778.834
8129,4135.125
8130,5981.0347
8131,5494.547
8132,4952.1553
8133,5467.7
8134,3704.5767
8135,3473.225
8136,3660.2075
8137,5900.982
8138,16021.654
8139,3658.1516
8140,5304.721
8141,5391.6416
8142,4155.1006
8143,4407.9414
8144,4373.668
8145,4284.8545
8146,5518.229
8147,4943.6455
8148,3402.6565
8149,6520.501
8150,3757.002
8151,4399.07
8152,7982.3174
8153,6861.506
8154,8762.528
8155,4608.932
8156,5436.565
8157,4137.062
8158,4490.55
8159,12869.9795
8160,7874.0483
8161,5364.223
8162,4691.434
8163,3629.5476
8164,1870.6263
8165,4085.71
8166,7279.604
8167,4345.4194
8168,4123.9062
8169,5687.4253
8170,3911.0664
8171,5531.599
8172,5101.2188
8173,5747.9614
8174,5878.0786
8175,4176.6987
8176,4434.464
8177,4764.8564
8178,5171.5977
8179,6543.441
8180,6433.2715
8181,3372.4736
8182,5575.63
8183,5267.3438
8184,3960.13
8185,5187.491
8186,6494.339
8187,4950.979
8188,5556.538
8189,5323.608
8190,2836.6345
8191,4957.988
8192,5710.626
8193,5793.0015
8194,4350.1846
8195,8512.756
8196,4705.408
8197,4145.7812
8198,9546.365
8199,4066.5098
8200,3055.3328
8201,6040.1196
8202,2157.008
8203,8890.344
8204,4151.86
8205,4807.126
8206,4331.981
8207,6476.727
8208,4767.8438
8209,6773.0293
8210,2776.7795
8211,4497.9365
8212,3956.9844
8213,5136.79
8214,6645.7275
8215,5853.5894
8216,6420.2207
8217,3020.9355
8218,6969.7676
8219,4578.5176
8220,6904.152
8221,4134.802
8222,4809.061
8223,4123.5366
8224,6349.1167
8225,5995.903
8226,3132.3442
8227,8031.951
8228,4011.978
8229,5686.286
8230,4245.192
8231,3075.3289
8232,5705.677
8233,3492.9219
8234,7378.349
8235,5429.0664
8236,4800.266
8237,5194.453
8238,5295.126
8239,4291.514
8240,6080.786
8241,4112.0156
8242,8173.6553
8243,8732.626
8244,6170.4424
8245,4818.7866
8246,3668.1035
8247,3348.7373
8248,2868.3235
8249,8122.8594
8250,3597.363
8251,7593.4937
8252,3173.8025
8253,4365.045
8254,5020.2817
8255,7190.433
8256,4071.0742
8257,3857.857
8258,4057.47
8259,6563.725
8260,3095.2905
8261,6133.3223
8262,6496.501
8263,6807.2056
8264,5995.5312
8265,6192.8477
8266,5058.0234
8267,4441.339
8268,4444.7505
8269,9346.474
8270,6858.863
8271,7465.9185
8272,13669.337
8273,4341.599
8274,503.79507
8275,5156.397
8276,6923.949
8277,8721.314
8278,5979.848
8279,6975.3076
8280,6570.0576
8281,504.23383
8282,5146.2505
8283,4068.7449
8284,4260.872
8285,3870.7402
8286,3878.3726
8287,4216.932
8288,6191.6724
8289,13790.555
8290,5142.31
8291,3644.748
8292,5940.548
8293,2876.3455
8294,4976.2905
8295,4803.711
8296,6342.029
8297,4966.7495
8298,5658.0713
8299,9907.063
8300,10234.816
8301,4204.3926
8302,5109.536
8303,3265.9585
8304,4735.9336
8305,5266.9976
8306,6929.036
8307,3707.1501
8308,3466.0725
8309,3274.8782
8310,4625.713
8311,5165.105
8312,5293.293
8313,3546.8398
8314,6048.352
8315,6933.915
8316,2215.3936
8317,3771.6672
8318,3136.1416
8319,6593.744
8320,3434.4653
8321,8688.875
8322,3628.8103
8323,3997.4272
8324,6343.1724
8325,4985.0083
8326,3628.2148
8327,4127.972
8328,5533.462
8329,8261.375
8330,7804.4526
8331,5029.048
8332,4260.405
8333,4638.3447
8334,4733.919
8335,4954.9854
8336,5378.7793
8337,5453.611
8338,1255.3647
8339,6025.4805
8340,4952.6465
8341,6747.115
8342,3691.887
8343,7904.0337
8344,4734.881
8345,10382.343
8346,4376.026
8347,3985.9392
8348,565.48
8349,4208.9507
8350,5882.235
8351,13824.966
8352,2892.9922
8353,3613.9487
8354,6675.5293
8355,6248.855
8356,448.49713
8357,7042.9897
8358,4817.863
8359,2210.143
8360,3895.971
8361,7431.986
8362,4959.7285
8363,6405.0337
8364,6273.4717
8365,3775.6306
8366,5516.582
8367,5021.8047
8368,4228.8154
8369,7263.2295
8370,7980.0566
8371,4086.7974
8372,6574.6963
8373,5737.915
8374,4950.2236
8375,7152.716
8376,5623.8345
8377,7425.871
8378,3964.8623
8379,4509.996
8380,6990.0796
8381,3405.631
8382,6165.1064
8383,4544.4526
8384,6839.1533
8385,4527.3364
8386,4869.1826
8387,6440.922
8388,6120.378
8389,6631.689
8390,5688.4507
8391,5368.579
8392,5363.036
8393,5901.044
8394,7646.8486
8395,7034.1616
8396,6406.7627
8397,2815.7522
8398,4956.6685
8399,6449.0854
8400,3268.6921
8401,8896.315
8402,4432.62
8403,5960.2534
8404,8701.871
8405,6252.1816
8406,3134.075
8407,26.880362
8408,9131.237
8409,5152.5815
8410,6733.8965
8411,4641.04
8412,4355.304
8413,5534.6177
8414,5942.5537
8415,4556.3374
8416,4936.9634
8417,5548.3027
8418,3941.565
8419,5847.908
8420,4911.229
8421,5057.985
8422,6309.177
8423,5651.512
8424,5201.603
8425,3861.498
8426,6299.4053
8427,5463.608
8428,5477.1274
8429,5705.6606
8430,4708.825
8431,7424.8086
8432,5218.624
8433,4101.611
8434,4771.9067
8435,6273.0947
8436,5692.4946
8437,3987.316
8438,3922.6191
8439,5741.3696
8440,7190.3506
8441,4657.8755
8442,6267.963
8443,5404.792
8444,4710.0156
8445,3717.058
8446,3033.5674
8447,5985.4575
8448,5640.827
8449,5646.706
8450,7947.509
8451,6296.6416
8452,4777.8003
8453,6678.007
8454,3628.028
8455,2528.0112
8456,5577.465
8457,8532.721
8458,5660.7485
8459,5747.9067
8460,2895.6968
8461,5624.0923
8462,7668.4683
8463,4855.5327
8464,4633.852
8465,4001.391
8466,4701.447
8467,4119.8604
8468,4825.088
8469,4682.3184
8470,3828.1519
8471,3557.9414
8472,3391.46
8473,5453.7773
8474,5606.23
8475,3886.7168
8476,5563.1616
8477,5367.304
8478,4500.0005
8479,4214.3345
8480,6317.7217
8481,5216.449
8482,4347.7246
8483,3424.0298
8484,9589.512
8485,5338.11
8486,4214.511
8487,5914.3594
8488,5305.095
8489,6062.1157
8490,4965.707
8491,6215.0327
8492,6847.5474
8493,8911.33
8494,4333.105
8495,3670.2175
8496,3668.7263
8497,5234.078
8498,4683.98
8499,6950.144
8500,6178.1924
8501,4850.769
8502,3833.6042
8503,4012.7742
8504,7402.1177
8505,4911.4023
8506,5298.248
8507,1458.3259
8508,5681.8784
8509,7208.0737
8510,6075.8984
8511,7393.2417
8512,5343.2295
8513,3222.8328
8514,5242.9326
8515,5474.542
8516,7202.2803
8517,6286.9316
8518,5875.052
8519,4843.145
8520,3958.2605
8521,8981.213
8522,3751.401
8523,9326.42
8524,4692.607
8525,3048.6797
8526,4331.419
8527,5365.3335
8528,6828.6265
8529,924.3072
8530,4407.441
8531,3614.2693
8532,5195.38
8533,7738.2314
8534,5783.042
8535,5191.739
8536,5216.449
8537,4310.419
8538,5624.1777
8539,4765.3975
8540,7489.3047
8541,7599.5654
8542,8031.8594
8543,3380.007
8544,4890.305
8545,9365.963
8546,8071.9097
8547,4061.1912
8548,7620.259
8549,4942.2407
8550,4445.3145
8551,3785.263
8552,3730.1936
8553,4644.911
8554,3363.1501
8555,4119.5186
8556,3914.6423
8557,7081.4053
8558,5740.581
8559,20736.959
8560,5806.887
8561,4078.9185
8562,5655.7993
8563,9659.146
8564,5768.982
8565,6879.4224
8566,4910.4326
8567,7021.5996
8568,6613.415
8569,3846.1938
8570,3350.3542
8571,6297.777
8572,7178.3247
8573,6909.666
8574,7813.9863
8575,4948.883
8576,1689.8767
8577,4836.3774
8578,8430.115
8579,9108.508
8580,9158.852
8581,7007.182
8582,4160.9355
8583,2472.5715
8584,3359.5781
8585,6078.472
8586,8245.489
8587,8104.797
8588,4998.1733
8589,4285.235
8590,3423.6445
8591,7296.6978
8592,8330.117
8593,6245.911
8594,4424.349
8595,5327.9155
8596,7611.2593
8597,3570.7603
8598,5993.21
8599,3696.9758
8600,6458.4424
8601,5393.8276
8602,5753.3096
8603,7886.2773
8604,2755.081
8605,2063.1926
8606,6469.818
8607,6230.738
8608,11585.616
8609,5905.1035
8610,8831.943
8611,8460.878
8612,8465.342
8613,5965.862
8614,7421.1343
8615,4454.2026
8616,6499.9097
8617,5811.919
8618,6027.498
8619,9715.748
8620,6517.628
8621,4431.3096
8622,6446.312
8623,6418.6777
8624,8024.929
8625,3936.286
8626,12944.753
8627,4475.758
8628,5322.613
8629,8135.7925
8630,3453.9226
8631,5021.8765
8632,5355.772
8633,6880.8003
8634,4730.94
8635,4129.2954
8636,10304.064
8637,5777.8647
8638,5982.792
8639,5202.764
8640,6190.0547
8641,11194.626
8642,6953.135
8643,5494.301
8644,5781.7183
8645,5567.1216
8646,5722.6167
8647,5724.3364
8648,4243.0586
8649,7282.7227
8650,6260.8047
8651,6950.721
8652,6040.2637
8653,4794.418
8654,5037.517
8655,4803.4404
8656,8712.51
8657,8193.966
8658,5603.439
8659,4826.6714
8660,6099.619
8661,5758.8716
8662,2264.3184
8663,6709.681
8664,7872.1636
8665,7139.091
8666,4612.996
8667,4476.4194
8668,5606.0854
8669,6999.4067
8670,8296.585
8671,7017.248
8672,7092.0986
8673,2737.664
8674,7806.6416
8675,4978.8115
8676,2669.4895
8677,8174.505
8678,5501.228
8679,9402.364
8680,6838.501
8681,6425.4893
8682,5299.239
8683,7122.0063
8684,7111.451
8685,6330.6787
8686,3730.3005
8687,5697.845
8688,7234.198
8689,4885.5356
8690,4472.007
8691,7572.5044
8692,5615.949
8693,2548.188
8694,5014.9404
8695,5050.8975
8696,6642.286
8697,6333.0767
8698,6225.89
8699,5410.817
8700,3535.5132
8701,6088.6562
8702,3165.2576
8703,5968.987
8704,4989.028
8705,7828.8916
8706,5869.6074
8707,4975.3223
8708,8587.397
8709,3713.9568
8710,4502.427
8711,9308.6455
8712,5934.4253
8713,7203.187
8714,7859.852
8715,5190.5947
8716,6127.726
8717,4826.188
8718,5165.765
8719,10379.61
8720,6883.833
8721,3079.0042
8722,4586.3813
8723,7554.491
8724,7679.2056
8725,4887.027
8726,5919.1675
8727,4394.444
8728,3946.0154
8729,3480.2761
8730,4714.227
8731,5633.257
8732,6214.9375
8733,6503.8477
8734,133.02565
8735,7535.205
8736,7331.922
8737,7158.4077
8738,4340.026
8739,9430.034
8740,9372.861
8741,4856.408
8742,7273.642
8743,4640.23
8744,6841.5938
8745,3662.925
8746,5372.0264
8747,4561.7515
8748,9729.129
8749,6257.742
8750,6844.387
8751,7045.6235
8752,5318.035
8753,7523.9297
8754,17484.41
8755,7550.2915
8756,6007.444
8757,3174.5989
8758,5806.699
8759,8242.532
8760,5154.179
8761,12649.967
8762,18793.6
8763,4212.9756
8764,5213.574
8765,7726.1294
8766,4929.51
8767,8687.889
8768,4459.678
8769,7008.3047
8770,6208.6987
8771,5252.443
8772,5392.3257
8773,7273.2817
8774,7963.504
8775,6200.319
8776,5761.4976
8777,5693.8735
8778,4274.343
8779,4083.6409
8780,6124.384
8781,4912.9253
8782,5469.088
8783,6826.1387
8784,5802.054
8785,5766.99
8786,1740.9026
8787,6680.7144
8788,6882.422
8789,8756.905
8790,6945.439
8791,5695.3564
8792,3391.9355
8793,5613.6035
8794,6654.912
8795,5490.9526
8796,3884.5632
8797,13207.288
8798,6820.132
8799,11680.4
8800,6685.6543
8801,4634.0684
8802,4964.675
8803,4718.1904
8804,8049.636
8805,4246.573
8806,6587.05
8807,14201.299
8808,6969.721
8809,6365.956
8810,4845.599
8811,4229.0615
8812,7709.427
8813,3995.3572
8814,5605.797
8815,9242.728
8816,5083.431
8817,15495.269
8818,16360.984
8819,5030.9385
8820,6093.141
8821,6130.62
8822,6148.921
8823,6689.5903
8824,8523.928
8825,5972.9165
8826,8612.259
8827,2546.2803
8828,6918.74
8829,4977.9
8830,5747.852
8831,6112.5254
8832,5287.6206
8833,6931.0786
8834,7280.9585
8835,7422.628
8836,7834.875
8837,6102.529
8838,8694.886
8839,6189.1807
8840,9491.466
8841,5675.5137
8842,3195.168
8843,4813.577
8844,8400.754
8845,5860.5615
8846,6769.638
8847,5877.2993
8848,7594.1816
8849,3954.8296
8850,7161.4194
8851,5992.078
8852,3591.0852
8853,13237.238
8854,17684.703
8855,5274.1914
8856,6068.8843
8857,9136.508
8858,10018.523
8859,10018.045
8860,5698.3125
8861,6656.5312
8862,5370.3716
8863,7476.0156
8864,4070.7324
8865,5979.2666
8866,5269.6606
8867,5466.3286
8868,7102.0156
8869,5423.9473
8870,3918.9204
8871,6393.5645
8872,3933.797
8873,3793.2983
8874,5884.373
8875,2642.3586
8876,7583.5923
8877,7642.627
8878,7461.1987
8879,6085.515
8880,5786.59
8881,10853.423
8882,6726.816
8883,4588.788
8884,4886.435
8885,8437.717
8886,4547.072
8887,7086.75
8888,3222.6113
8889,4103.074
8890,6606.807
8891,3814.3367
8892,5805.774
8893,7502.825
8894,8117.2056
8895,10791.861
8896,6838.951
8897,7492.4844
8898,2942.398
8899,5320.6685
8900,5837.7207
8901,3223.8013
8902,7665.9087
8903,4959.9414
8904,5993.999
8905,7986.8335
8906,10422.476
8907,7418.6216
8908,5652.1914
8909,4715.0547
8910,10175.221
8911,6888.582
8912,5349.1245
8913,5848.7114
8914,6251.311
8915,10517.862
8916,4281.5654
8917,6004.1387
8918,6842.2725
8919,7252.0776
8920,9838.578
8921,4976.3853
8922,11462.451
8923,5545.4614
8924,4953.894
8925,2910.8848
8926,5978.4795
8927,5039.5405
8928,5475.8267
8929,6666.2144
8930,4193.422
8931,4163.496
8932,6221.711
8933,4450.3423
8934,6374.153
8935,5477.723
8936,3405.865
8937,7764.0186
8938,4872.0396
8939,8938.434
8940,5289.003
8941,4779.929
8942,5433.584
8943,5273.6484
8944,10321.455
8945,6996.083
8946,4506.586
8947,6189.736
8948,7524.848
8949,6734.95
8950,5927.0547
8951,7894.804
8952,4033.767
8953,6220.7974
8954,5255.2896
8955,7374.395
8956,5463.6914
8957,5719.1353
8958,4851.949
8959,4841.607
8960,4327.4253
8961,4424.1885
8962,7614.2725
8963,8932.655
8964,9809.934
8965,8609.212
8966,7857.1387
8967,6398.018
8968,5525.2183
8969,10094.671
8970,10172.862
8971,5861.137
8972,7949.3887
8973,8626.703
8974,2456.701
8975,4401.731
8976,8028.826
8977,5970.2964
8978,5298.112
8979,6563.7124
8980,2702.6694
8981,9127.336
8982,5391.842
8983,5429.983
8984,4189.9434
8985,4585.4624
8986,6873.991
8987,6547.018
8988,5730.209
8989,5834.269
8990,4451.3145
8991,3651.2102
8992,3953.9998
8993,6210.843
8994,16527.887
8995,4196.9434
8996,5983.6367
8997,5712.353
8998,5245.924
8999,4914.247
9000,5074.2314
9001,4383.086
9002,6379.3896
9003,5944.039
9004,4155.759
9005,6952.352
9006,4349.106
9007,5266.7715
9008,8992.639
9009,7499.956
9010,9519.316
9011,5068.359
9012,6015.879
9013,4474.2725
9014,5134.13
9015,13139.53
9016,8764.317
9017,5944.419
9018,5353.836
9019,4385.215
9020,2256.748
9021,4393.949
9022,7799.541
9023,4875.308
9024,4239.07
9025,6676.2744
9026,4377.7837
9027,6176.7666
9028,5835.477
9029,6361.938
9030,6113.3765
9031,4587.125
9032,4879.6953
9033,5503.3535
9034,4972.6226
9035,7706.6626
9036,6393.6807
9037,3891.1648
9038,5989.621
9039,5600.4844
9040,4274.4487
9041,5919.5854
9042,7255.495
9043,5546.35
9044,5970.359
9045,5902.451
9046,3240.13
9047,5866.54
9048,6260.751
9049,6138.133
9050,5139.637
9051,8939.78
9052,4866.485
9053,4316.4014
9054,10032.226
9055,4619.0415
9056,3195.235
9057,6584.085
9058,2440.1064
9059,9495.1875
9060,4635.5186
9061,5461.4297
9062,5005.717
9063,7390.0054
9064,5885.316
9065,8061.3687
9066,3345.1838
9067,5447.616
9068,4564.6504
9069,5884.934
9070,4343.9067
9071,6902.361
9072,6925.693
9073,3428.7466
9074,7283.82
9075,5343.4487
9076,7715.4663
9077,4199.366
9078,5603.054
9079,5061.7783
9080,7654.5474
9081,6760.0566
9082,3454.951
9083,8867.97
9084,4826.17
9085,6419.6206
9086,4619.835
9087,3431.253
9088,6300.8896
9089,3955.026
9090,7910.2935
9091,5838.0103
9092,5398.98
9093,6304.9653
9094,5947.6743
9095,5226.43
9096,6902.302
9097,5002.2705
9098,8732.01
9099,9881.508
9100,6812.0835
9101,5522.9316
9102,4145.619
9103,3987.6772
9104,3065.3877
9105,9229.849
9106,4753.0947
9107,8377.126
9108,3654.81
9109,4340.2246
9110,6190.1846
9111,8062.9375
9112,5094.5083
9113,4349.288
9114,4737.9805
9115,7518.234
9116,3492.9685
9117,7267.1167
9118,7564.1167
9119,7669.024
9120,7161.5835
9121,6362.7266
9122,2994.6062
9123,4710.6626
9124,4425.8853
9125,9533.736
9126,8596.06
9127,8632.481
9128,15639.389
9129,5362.591
9130,610.72986
9131,5951.959
9132,7542.007
9133,9828.486
9134,6666.246
9135,7336.441
9136,7249.47
9137,617.21893
9138,6207.461
9139,4865.8164
9140,4621.0117
9141,4322.417
9142,4373.714
9143,4832.587
9144,7249.733
9145,15184.302
9146,6012.8613
9147,4109.1963
9148,6618.6396
9149,3916.1362
9150,5837.687
9151,5579.971
9152,7945.265
9153,5455.9316
9154,6109.0283
9155,10834.857
9156,11899.838
9157,4962.492
9158,5606.107
9159,4120.493
9160,5400.1235
9161,5969.7495
9162,8128.5557
9163,4417.6562
9164,4078.471
9165,3707.1255
9166,5232.3013
9167,6470.9595
9168,6402.016
9169,4042.307
9170,6651.695
9171,7579.434
9172,9478.122
9173,4178.6113
9174,3584.6335
9175,7407.7046
9176,3990.1277
9177,9591.24
9178,4120.277
9179,4405.0327
9180,7195.2905
9181,5834.7812
9182,4161.6104
9183,4892.3535
9184,6033.8545
9185,9041.265
9186,8240.764
9187,5797.092
9188,4609.1035
9189,5267.7407
9190,5447.8867
9191,5270.42
9192,6060.9478
9193,6062.9253
9194,1456.0905
9195,7231.1973
9196,5607.0747
9197,6991.3467
9198,3941.7417
9199,8509.963
9200,5063.604
9201,11509.622
9202,5044.951
9203,4820.1934
9204,2009.0609
9205,4938.584
9206,6517.261
9207,15105.725
9208,3330.5557
9209,4588.0176
9210,7929.798
9211,6769.4897
9212,554.90485
9213,7464.9287
9214,5537.971
9215,2491.0212
9216,4365.607
9217,8154.095
9218,5429.165
9219,6913.483
9220,6674.6636
9221,4220.397
9222,5990.055
9223,5486.984
9224,5113.9834
9225,8364.918
9226,8851.66
9227,4768.6895
9228,7048.245
9229,6315.7876
9230,5471.4565
9231,9097.23
9232,5927.8574
9233,8822.606
9234,4412.8467
9235,4937.637
9236,7262.738
9237,3649.6294
9238,6969.741
9239,5553.7456
9240,7253.7793
9241,4841.4224
9242,5220.257
9243,7005.398
9244,6521.247
9245,6668.0522
9246,7140.4395
9247,6250.9414
9248,6126.8613
9249,6379.5903
9250,8371.958
9251,8251.153
9252,6741.3257
9253,3235.784
9254,5581.4937
9255,7400.7344
9256,3872.391
9257,10181.123
9258,5212.7036
9259,6875.001
9260,9691.417
9261,6124.752
9262,3884.6743
9263,83.14828
9264,9564.483
9265,5571.2866
9266,7652.518
9267,5245.138
9268,4709.1753
9269,5716.67
9270,6566.574
9271,5491.131
9272,5552.57
9273,6001.047
9274,4406.6885
9275,6349.05
9276,6147.496
9277,5597.285
9278,7410.0293
9279,6396.1143
9280,5971.105
9281,4756.6826
9282,7112.6924
9283,6334.6533
9284,5774.6416
9285,6350.982
9286,5743.829
9287,8401.859
9288,5670.081
9289,4967.3794
9290,5532.1
9291,6149.2964
9292,5827.612
9293,4572.1763
9294,4232.8633
9295,6508.906
9296,8547.554
9297,5346.258
9298,7123.0596
9299,5838.3
9300,5931.8506
9301,4429.2812
9302,3439.1243
9303,6552.822
9304,5815.795
9305,6346.1196
9306,9133.205
9307,7104.2036
9308,4891.425
9309,7836.6465
9310,4455.8174
9311,3006.5056
9312,6516.696
9313,8750.985
9314,6575.7124
9315,6124.261
9316,3537.7332
9317,6152.846
9318,7266.126
9319,5393.3647
9320,5488.9
9321,4483.3
9322,4557.95
9323,4281.6025
9324,5080.973
9325,5244.1978
9326,4608.91
9327,4839.031
9328,4061.745
9329,6218.0923
9330,6494.9893
9331,4335.6313
9332,5994.548
9333,5772.747
9334,4860.1943
9335,5057.281
9336,7412.843
9337,6031.708
9338,5197.392
9339,3859.8777
9340,10037.518
9341,6593.0903
9342,4915.2876
9343,6900.2544
9344,6660.342
9345,6897.017
9346,5582.8247
9347,6792.4116
9348,8114.8604
9349,10095.798
9350,4610.7305
9351,4110.11
9352,4395.0347
9353,5789.864
9354,5097.765
9355,7234.4673
9356,7852.119
9357,5034.1978
9358,4320.8257
9359,4647.61
9360,8086.7666
9361,5453.205
9362,5948.8604
9363,1684.5146
9364,7196.1143
9365,7786.296
9366,7054.1904
9367,7552.099
9368,6094.6294
9369,3851.455
9370,5910.992
9371,6411.262
9372,7154.162
9373,7338.0015
9374,6342.005
9375,5642.905
9376,4426.633
9377,9875.572
9378,4422.644
9379,9265.959
9380,5297.0757
9381,3611.6914
9382,4648.448
9383,6399.715
9384,8476.718
9385,1104.5204
9386,5157.8135
9387,4419.6455
9388,5853.394
9389,7521.77
9390,6712.2925
9391,6046.535
9392,5967.9165
9393,4980.1797
9394,6347.0884
9395,5375.748
9396,8058.486
9397,8471.432
9398,9124.159
9399,3848.7703
9400,5997.6875
9401,10250.691
9402,10570.458
9403,4635.081
9404,8397.077
9405,5863.0327
9406,5207.5703
9407,3996.0583
9408,4683.913
9409,5332.1353
9410,3735.624
9411,4469.256
9412,4222.7847
9413,7329.216
9414,6285.7085
9415,22717.445
9416,6735.6826
9417,0.028097162
9418,0.051553726
9419,0.12767401
9420,0.12914205
9421,0.09076004
9422,0.05266454
9423,0.55739176
9424,0.20868842
9425,0.006984852
9426,0.09135788
9427,0.24032001
9428,0.10870851
9429,0.16885208
9430,0.17020388
9431,0.2252168
9432,0.1397235
9433,0.0
9434,0.12294503
9435,0.063089915
9436,0.0005710663
9437,0.14670996
9438,0.0
9439,0.15102613
9440,0.0
9441,0.12429618
9442,0.15958434
9443,0.17408574
9444,0.10525617
9445,0.05648321
9446,0.0
9447,0.7232356
9448,0.13652651
9449,0.075292476
9450,0.09749832
9451,0.039487842
9452,0.047892377
9453,0.1852681
9454,0.11417938
9455,0.06461818
9456,0.10869452
9457,0.08896644
9458,0.12069592
9459,0.15492323
9460,0.17853446
9461,0.03860555
9462,0.09666996
9463,0.10314196
9464,0.06417123
9465,0.2089232
9466,0.07462211
9467,0.24071205
9468,0.15509364
9469,0.0541395
9470,0.10297863
9471,0.0
9472,0.04184642
9473,0.11700511
9474,0.30919054
9475,0.12190192
9476,0.16974024
9477,0.11046817
9478,0.016856153
9479,0.15214945
9480,0.056505993
9481,0.06412601
9482,0.22302628
9483,0.17060542
9484,0.008836053
9485,0.11398895
9486,0.0
9487,0.09211968
9488,0.16311565
9489,0.0871267
9490,0.1540782
9491,0.13555603
9492,0.36927965
9493,0.0
9494,0.11677028
9495,0.1096378
9496,0.0
9497,0.038613763
9498,0.0
9499,0.13566163
9500,0.13381934
9501,0.012529354
9502,0.09357454
9503,0.10189391
9504,0.0
9505,0.1916053
9506,0.26891747
9507,0.14493608
9508,3223.0972
9509,0.046146072
9510,0.067224756
9511,0.065110534
9512,0.29600528
9513,0.312295
9514,0.16638534
9515,0.003446133
9516,0.18316975
9517,0.22113864
9518,0.10492951
9519,0.06786759
9520,0.05641064
9521,0.14540955
9522,0.13371791
9523,0.0
9524,0.0811379
9525,0.05522721
9526,0.060930155
9527,0.10283368
9528,0.0128604295
9529,0.27554703
9530,0.09130185
9531,0.10451715
9532,0.0
9533,0.0
9534,0.10906089
9535,0.080149055
9536,0.112618946
9537,0.11211947
9538,0.057796493
9539,0.050917838
9540,0.14114061
9541,0.050551496
9542,0.01788732
9543,0.03256585
9544,0.095395856
9545,0.13530397
9546,0.014692267
9547,0.08779011
9548,0.10705444
9549,0.1766412
9550,0.05273496
9551,0.076988034
9552,0.058878243
9553,0.12245907
9554,0.074896
9555,0.13352308
9556,0.17677361
9557,0.13984738
9558,0.0
9559,0.027605535
9560,0.22250098
9561,0.17060184
9562,0.3519935
9563,0.10230272
9564,0.050679386
9565,0.051602483
9566,0.20931098
9567,0.05487163
9568,0.107702754
9569,0.11336266
9570,0.10232098
9571,0.038209137
9572,0.10456273
9573,0.12096311
9574,0.54876006
9575,0.15819834
9576,2103.2478
9577,0.14784765
9578,0.038921367
9579,0.43455255
9580,0.18167587
9581,0.0061499495
9582,0.0
9583,0.024357934
9584,0.09700674
9585,0.12586296
9586,0.030579621
9587,0.10433994
9588,0.13911183
9589,0.040262666
9590,0.0
9591,0.029206365
9592,0.046809386
9593,0.04496773
9594,0.51592875
9595,0.16694891
9596,0.06681547
9597,0.11277538
9598,0.0
9599,0.092129424
9600,0.12385385
9601,0.09255858
9602,0.22083606
9603,0.14816138
9604,0.19397476
9605,0.07907437
9606,0.0
9607,0.12955616
9608,0.22782324
9609,0.16335498
9610,0.11530268
9611,0.0
9612,0.18044429
9613,0.15296328
9614,0.11984024
9615,0.0
9616,0.03973363
9617,14394.827
9618,42583.21
9619,0.8600807
9620,0.20553169
9621,0.17440933
9622,0.10584022
9623,0.34345514
9624,0.006505246
9625,0.09319363
9626,6261.193
9627,0.14532344
9628,0.054735817
9629,0.29621553
9630,0.22763239
9631,0.10386533
9632,0.9248853
9633,0.23152412
9634,0.11405848
9635,0.0
9636,0.045779288
9637,0.12708512
9638,0.08470147
9639,0.08861217
9640,0.14305383
9641,0.08343853
9642,0.0
9643,0.06362043
9644,0.03533373
9645,2042.2643
9646,0.08385516
9647,0.049953207
9648,0.14586528
9649,0.115763545
9650,0.16521856
9651,0.18948744
9652,0.10283325
9653,0.35855445
9654,0.17088957
9655,2328.5344
9656,0.12621278
9657,0.23463555
9658,0.028734135
9659,0.14953676
9660,0.064990625
9661,0.010781003
9662,0.10956399
9663,0.12327814
9664,0.13501641
9665,0.057726678
9666,0.17278342
9667,0.0
9668,0.053918824
9669,0.13125014
9670,0.2529185
9671,0.7054913
9672,0.02682656
9673,6906.0024
9674,0.14206268
9675,0.10462779
9676,0.29248792
9677,0.35923567
9678,0.029765818
9679,0.012854474
9680,0.18311429
9681,0.15360026
9682,0.09830665
9683,0.0
9684,0.0692293
9685,0.064371265
9686,0.23661606
9687,0.11387331
9688,0.1257663
9689,0.11936484
9690,11037.253
9691,0.13282828
9692,0.058100313
9693,0.15333313
9694,0.06421521
9695,0.016359745
9696,0.06509369
9697,0.17620455
9698,0.0
9699,0.13076809
9700,0.1371294
9701,0.12748724
9702,0.12593386
9703,0.10939658
9704,0.09287499
9705,0.06670281
9706,0.114106014
9707,0.011859153
9708,0.08009134
9709,0.36898914
9710,0.15568268
9711,0.054791544
9712,0.08208587
9713,0.15613957
9714,0.14808576
9715,0.53190553
9716,0.12516382
9717,0.050224423
9718,0.050174356
9719,0.06987498
9720,0.046777908
9721,0.0
9722,0.01934849
9723,0.071747065
9724,0.11280572
9725,0.1119284
9726,0.01613726
9727,0.1492825
9728,0.058025632
9729,0.22284013
9730,0.071525194
9731,0.09317401
9732,0.015701972
9733,0.073326156
9734,0.068379246
9735,0.042874698
9736,0.07095745
9737,0.1439359
9738,0.102594845
9739,0.0633107
9740,0.043233052
9741,0.1488367
9742,0.029143095
9743,0.19293198
9744,0.13015565
9745,0.0
9746,0.144153
9747,0.31525663
9748,0.03416335
9749,0.15604737
9750,0.031580277
9751,0.4178462
9752,432.3615
9753,0.082449205
9754,0.0
9755,0.20094241
9756,0.11175869
9757,0.259397
9758,0.14492242
9759,0.07848403
9760,0.00523469
9761,0.00977555
9762,0.17908467
9763,0.18069237
9764,0.045199238
9765,0.22082393
9766,4946.9336
9767,0.1677754
9768,0.036634345
9769,0.13330622
9770,0.09819885
9771,0.040096227
9772,0.17885719
9773,0.074314594
9774,0.079823
9775,0.050802298
9776,0.11957177
9777,0.04305515
9778,0.12568597
9779,0.11821899
9780,0.11604592
9781,0.0
9782,0.016396267
9783,0.11736401
9784,0.13324691
9785,0.4513007
9786,0.054943178
9787,0.23313218
9788,0.27267337
9789,0.0
9790,0.20632213
9791,0.058624085
9792,0.12645146
9793,0.13404861
9794,0.09672591
9795,0.16995709
9796,0.166396
9797,0.12555847
9798,0.13104343
9799,0.09420268
9800,0.0790392
9801,0.09782678
9802,0.1622301
9803,0.16081688
9804,0.17435966
9805,0.2477564
9806,0.0
9807,0.15782681
9808,0.50871515
9809,2446.5203
9810,0.18735768
9811,0.056544956
9812,0.0
9813,0.05399428
9814,0.07508269
9815,0.105250284
9816,0.057504646
9817,0.15122305
9818,0.060335223
9819,1356.5017
9820,0.09596562
9821,0.09764425
9822,0.23372671
9823,3365.5925
9824,0.02411646
9825,0.029030722
9826,0.083108015
9827,0.10820863
9828,0.10307485
9829,0.019757906
9830,0.0
9831,0.14922921
9832,0.15338019
9833,0.13828565
9834,0.0054583703
9835,0.19153103
9836,0.0
9837,0.018039133
9838,0.060316786
9839,0.3060431
9840,0.0
9841,0.0
9842,0.016309945
9843,0.0
9844,0.108396634
9845,0.359496
9846,0.06128162
9847,0.039537538
9848,0.0
9849,0.047176894
9850,18528.527
9851,0.10794295
9852,0.018969866
9853,0.024522431
9854,0.115715906
9855,0.03840836
9856,0.048477173
9857,0.10444121
9858,0.09239243
9859,0.0
9860,0.0697733
9861,0.06569453
9862,0.0
9863,0.065835744
9864,1467.55
9865,0.055806994
9866,0.034596115
9867,0.042524822
9868,0.032238703
9869,0.045695364
9870,0.3351249
9871,0.040519543
9872,0.15229993
9873,0.09446494
9874,0.0
9875,0.037677903
9876,0.0
9877,0.00097054243
9878,0.040552072
9879,0.08377743
9880,0.0
9881,0.0
9882,0.09039852
9883,0.08284854
9884,0.13528666
9885,0.20456754
9886,0.05221736
9887,0.029942121
9888,0.14443697
9889,0.11929388
9890,0.04876032
9891,0.026858665
9892,0.061940428
9893,0.093276225
9894,0.20720921
9895,0.0
9896,0.0
9897,0.084431656
9898,0.06855738
9899,0.076064505
9900,0.22135587
9901,0.020831296
9902,0.14979623
9903,0.051314313
9904,0.3023147
9905,0.12855831
9906,0.13957672
9907,0.16661692
9908,0.059929807
9909,0.07982939
9910,0.10734998
9911,0.0
9912,0.09288009
9913,0.0
9914,0.13521565
9915,0.055201977
9916,0.039286558
9917,0.0
9918,0.18673407
9919,0.13027088
9920,0.1254162
9921,0.17083277
9922,0.06286995
9923,0.04332943
9924,0.0276763
9925,0.14879437
9926,0.15263934
9927,0.13635336
9928,0.046433434
9929,0.107232444
9930,0.0
9931,0.12412302
9932,0.12607574
9933,0.40591088
9934,0.25620803
9935,0.07160745
9936,0.06823217
9937,0.056953453
9938,0.02849474
9939,11343.624
9940,0.049771674
9941,0.15702772
9942,0.011105755
9943,0.23250735
9944,0.100016914
9945,0.041420292
9946,0.121940404
9947,0.09732858
9948,0.06559328
9949,0.040521383
9950,0.0
9951,0.051647935
9952,0.8374418
9953,0.009780581
9954,0.06866404
9955,0.17541727
9956,0.017449578
9957,0.13983971
9958,0.20879377
9959,0.021131868
9960,0.0
9961,0.37451166
9962,0.117320806
9963,0.0
9964,0.10498564
9965,0.11153656
9966,0.0
9967,0.040364753
9968,0.113990285
9969,0.06566148
9970,0.042044267
9971,0.1486455
9972,0.06464257
9973,0.07971266
9974,0.11190774
9975,0.0
9976,0.10911324
9977,0.058968317
9978,0.30475897
9979,0.076739214
9980,0.07539773
9981,0.20785072
9982,0.07806687
9983,3169.128
9984,16299.355
9985,0.0
9986,0.17181304
9987,0.0
9988,0.097320594
9989,0.1383727
9990,0.19532846
9991,0.076891676
9992,0.024452392
9993,0.36529556
9994,0.12316566
9995,0.11918613
9996,0.0
9997,0.048642345
9998,0.057736047
9999,0.13442273
10000,0.012093807
10001,0.01423676
10002,0.07189793
10003,0.0
10004,0.04281397
10005,0.13267294
10006,0.0098012155
10007,0.0
10008,0.048326597
10009,0.06074077
10010,0.043577164
10011,0.0
10012,3606.5684
10013,0.0
10014,0.07370628
10015,0.09142211
10016,0.044852022
10017,0.026247306
10018,0.13535146
10019,0.022158014
10020,0.117681414
10021,0.013908859
10022,0.15326971
10023,0.1443306
10024,0.20236729
10025,0.01625004
10026,0.10986389
10027,0.15347025
10028,0.038562525
10029,0.09305835
10030,0.089542694
10031,0.0
10032,0.008120159
10033,0.08814888
10034,0.116064765
10035,0.035397626
10036,0.15391193
10037,0.33091146
10038,0.23805043
10039,0.08299477
10040,0.047094986
10041,0.07274352
10042,0.15256391
10043,0.14255449
10044,0.1746452
10045,0.08461467
10046,0.03915165
10047,0.061787937
10048,0.08491675
10049,0.0
10050,0.25415972
10051,0.14944693
10052,0.0
10053,0.108519524
10054,0.14351635
10055,0.04355952
10056,0.0016363017
10057,0.04709272
10058,0.06533208
10059,0.073578216
10060,0.0
10061,0.084449045
10062,0.0059758467
10063,0.0
10064,0.03320323
10065,0.123822615
10066,0.059254207
10067,0.05890832
10068,0.120051205
10069,0.082118474
10070,0.08287089
10071,0.0
10072,0.11897744
10073,0.14812914
10074,0.0
10075,0.3323798
10076,0.10148104
10077,0.091732346
10078,0.019891676
10079,0.25368613
10080,0.20136565
10081,0.0
10082,177.7555
10083,0.2688229
10084,0.18004687
10085,0.2402788
10086,520.3393
10087,0.34777656
10088,0.100453116
10089,0.55651
10090,0.16971962
10091,0.08729758
10092,95.83939
10093,0.0
10094,0.09534117
10095,0.0
10096,0.06400852
10097,0.03203429
10098,0.030902306
10099,0.1261702
10100,0.07444915
10101,0.0
10102,0.03974102
10103,0.1481992
10104,0.0
10105,0.07014433
10106,0.12680142
10107,0.09147157
10108,0.1168622
10109,0.039912086
10110,0.024990104
10111,0.05428082
10112,0.13429472
10113,0.2657385
10114,0.103192106
10115,0.057913266
10116,0.06882111
10117,0.0675102
10118,0.14000368
10119,0.0
10120,0.088920645
10121,0.030867426
10122,0.10444095
10123,0.026938792
10124,0.2609827
10125,0.0
10126,0.3389169
10127,0.13658261
10128,0.999248
10129,0.11914715
10130,0.077220656
10131,0.22526377
10132,0.1250747
10133,0.1829488
10134,0.14459889
10135,0.17174834
10136,0.058265936
10137,1360.9287
10138,0.17629765
10139,0.13695908
10140,0.20358932
10141,0.057969138
10142,0.0
10143,0.0
10144,0.050748263
10145,0.65421045
10146,0.10009236
10147,0.08274904
10148,0.040010557
10149,0.2564949
10150,0.555992
10151,0.20324628
10152,11429.657
10153,0.053815935
10154,0.0690258
10155,0.2752903
10156,0.13068618
10157,0.0
10158,0.1380824
10159,0.12366525
10160,0.042191114
10161,0.023491457
10162,0.0
10163,0.017491026
10164,0.025909161
10165,0.43309477
10166,0.12499856
10167,0.056175683
10168,0.082913436
10169,0.32342196
10170,0.12544519
10171,0.09164349
10172,0.07509024
10173,0.038760133
10174,0.0
10175,0.12426958
10176,0.015995327
10177,0.19050083
10178,0.04331224
10179,0.1364343
10180,0.17280808
10181,0.018374389
10182,0.13794997
10183,0.010747399
10184,0.12685914
10185,0.093709
10186,0.026627624
10187,0.098305345
10188,0.10896519
10189,0.17866392
10190,0.011681526
10191,0.09823735
10192,0.22152938
10193,0.12500821
10194,0.05819701
10195,0.18257585
10196,0.0
10197,0.038313594
10198,0.0419432
10199,0.0887726
10200,0.053156875
10201,0.1330163
10202,0.14416419
10203,0.0
10204,0.18889444
10205,0.10903796
10206,0.0
10207,0.04591273
10208,0.08679952
10209,0.058001988
10210,0.0768209
10211,0.00192196
10212,0.17953192
10213,0.07501554
10214,0.10480056
10215,0.058694206
10216,4027.6345
10217,0.23186557
10218,0.0
10219,0.42178163
10220,0.114965096
10221,0.09733755
10222,0.08515018
10223,0.05410744
10224,0.12374033
10225,0.10315819
10226,0.1149586
10227,0.019176396
10228,0.0668118
10229,0.097759046
10230,0.06268422
10231,0.06186936
10232,0.041850757
10233,0.119434714
10234,0.14269069
10235,0.09669876
10236,0.07704035
10237,0.059586447
10238,0.055137426
10239,0.15979336
10240,0.19093403
10241,0.32363614
10242,0.080741666
10243,0.0148700755
10244,0.10041932
10245,0.06151027
10246,0.34796688
10247,0.06009277
10248,0.026097909
10249,0.0
10250,0.089581914
10251,0.029470325
10252,0.0030500428
10253,0.1267937
10254,0.14790383
10255,0.11892591
10256,0.16477582
10257,13139.918
10258,466.7306
10259,0.16812722
10260,0.04101989
10261,0.2585437
10262,0.16508585
10263,0.09293801
10264,0.14786312
10265,0.0
10266,0.19276409
10267,0.09058968
10268,0.047426052
10269,0.022759493
10270,0.15099436
10271,0.19991449
10272,0.17430918
10273,3727.6575
10274,3817.3252
10275,5763.086
10276,3050.0063
10277,5225.6675
10278,3653.8164
10279,4630.242
10280,3385.015
10281,3135.7258
10282,1912.9425
10283,5328.2407
10284,4405.0537
10285,3855.1235
10286,5143.978
10287,5237.2793
10288,2907.6943
10289,3814.2566
10290,5628.3047
10291,6505.641
10292,6073.969
10293,6138.162
10294,3172.3767
10295,5047.093
10296,1501.9163
10297,4372.283
10298,7053.578
10299,8338.218
10300,4784.8467
10301,2621.5852
10302,3473.142
10303,4940.4824
10304,6590.286
10305,3468.4802
10306,4375.166
10307,3893.7676
10308,4301.1245
10309,2183.3323
10310,6437.0835
10311,3542.6433
10312,4977.8003
10313,5743.917
10314,2938.5
10315,7219.991
10316,5294.8784
10317,4424.252
10318,3084.293
10319,6130.024
10320,10193.55
10321,5224.0576
10322,5041.2617
10323,7843.0625
10324,6035.495
10325,4527.233
10326,5162.2876
10327,1963.4185
10328,2641.2268
10329,4024.8884
10330,4675.5254
10331,7596.536
10332,6092.525
10333,3291.1453
10334,6503.755
10335,5588.6963
10336,4474.541
10337,2478.8674
10338,9043.964
10339,2949.0315
10340,2946.3853
10341,6248.6167
10342,2538.4932
10343,4673.5728
10344,2767.6167
10345,5096.457
10346,4441.0933
10347,4485.567
10348,9985.078
10349,4818.2856
10350,4074.6833
10351,2853.981
10352,4954.886
10353,10197.6045
10354,3791.873
10355,2831.0247
10356,5330.854
10357,3878.7166
10358,5717.919
10359,6645.252
10360,2079.039
10361,6313.3423
10362,3987.1333
10363,4867.0327
10364,5716.31
10365,2321.6033
10366,4004.0256
10367,4179.7954
10368,6953.2275
10369,5465.411
10370,3616.8215
10371,3705.181
10372,6033.6587
10373,5572.179
10374,3874.9739
10375,4106.9824
10376,3845.3171
10377,5299.2993
10378,3731.8914
10379,2779.5093
10380,4359.153
10381,4709.5166
10382,5152.385
10383,6274.2974
10384,6381.0874
10385,3433.5317
10386,6178.9644
10387,2504.7517
10388,1546.3356
10389,6507.0063
10390,5350.334
10391,5869.378
10392,7502.6177
10393,5596.933
10394,4395.806
10395,5414.648
10396,6276.656
10397,3351.2812
10398,2364.3562
10399,4287.9663
10400,4184.587
10401,4177.0933
10402,2621.0574
10403,4439.928
10404,5479.484
10405,4807.121
10406,4543.9717
10407,2485.3394
10408,5164.5137
10409,5185.9478
10410,2941.9614
10411,4815.465
10412,2426.125
10413,4558.728
10414,2329.78
10415,3655.6294
10416,4425.548
10417,6189.482
10418,4686.8896
10419,4563.919
10420,9313.317
10421,3168.315
10422,4772.5303
10423,8611.61
10424,4699.5767
10425,6485.27
10426,5285.5684
10427,4568.776
10428,5323.907
10429,3038.845
10430,2944.0488
10431,5858.9683
10432,3369.2998
10433,2570.216
10434,2867.519
10435,6051.872
10436,7612.159
10437,5174.9385
10438,4612.2085
10439,3418.2793
10440,1889.2802
10441,1711.123
10442,2669.0806
10443,4792.9
10444,6157.6016
10445,4111.1885
10446,91.17534
10447,6285.8887
10448,6710.507
10449,5653.3076
10450,3767.399
10451,6515.434
10452,7729.483
10453,2798.7688
10454,4034.2634
10455,4176.898
10456,5602.9956
10457,2925.3818
10458,4570.166
10459,4292.2754
10460,7194.5903
10461,4742.4883
10462,6618.0024
10463,5599.325
10464,4411.4663
10465,6667.804
10466,14934.34
10467,6773.016
10468,4195.9585
10469,3839.6467
10470,5069.877
10471,5648.683
10472,3235.435
10473,7480.9375
10474,12641.862
10475,4532.7075
10476,2481.1118
10477,8045.3765
10478,2800.1763
10479,5444.531
10480,2656.5134
10481,4718.744
10482,4751.141
10483,4692.2666
10484,4260.9575
10485,3978.9531
10486,7990.133
10487,5386.8657
10488,5177.481
10489,5731.488
10490,4585.5806
10491,4309.35
10492,6422.585
10493,4503.844
10494,4507.7124
10495,3373.0784
10496,3001.6938
10497,4376.7563
10498,1069.1984
10499,4040.7764
10500,5845.248
10501,7538.922
10502,6376.816
10503,3898.0044
10504,4096.9497
10505,3449.2964
10506,4040.4216
10507,5486.8535
10508,2600.072
10509,7616.2188
10510,4680.6304
10511,9536.701
10512,4550.7603
10513,3532.961
10514,2631.453
10515,2293.7617
10516,7316.6084
10517,4695.1587
10518,4444.988
10519,10138.09
10520,6289.631
10521,3885.5342
10522,5154.838
10523,2186.114
10524,3899.4844
10525,3463.263
10526,3165.007
10527,8017.3936
10528,4077.0435
10529,6218.0566
10530,8311.023
10531,5031.1973
10532,3017.9656
10533,3552.6506
10534,4154.0903
10535,4112.973
10536,9812.0205
10537,5537.39
10538,5797.3184
10539,2918.0916
10540,4554.938
10541,5203.811
10542,6673.161
10543,5671.1523
10544,4205.2227
10545,6007.392
10546,4489.505
10547,6757.697
10548,5072.315
10549,5883.789
10550,6163.054
10551,5689.8125
10552,6888.188
10553,2958.2073
10554,3389.238
10555,4137.9976
10556,6968.87
10557,5660.7
10558,5995.417
10559,5256.332
10560,6555.379
10561,4620.24
10562,3828.97
10563,4710.5635
10564,2935.3943
10565,10036.484
10566,13809.429
10567,5502.9126
10568,4966.242
10569,6185.8403
10570,6784.719
10571,6522.6406
10572,2785.8848
10573,3571.3223
10574,4648.426
10575,7087.6353
10576,2412.5596
10577,3762.8088
10578,4299.406
10579,3491.446
10580,3778.5383
10581,2762.95
10582,2614.4717
10583,6224.7266
10584,3154.4268
10585,3293.7834
10586,4621.1924
10587,4256.087
10588,7362.82
10589,8923.578
10590,4746.928
10591,5925.8335
10592,4943.9146
10593,7661.5815
10594,3886.32
10595,2764.2947
10596,4472.796
10597,10066.279
10598,3379.3494
10599,5536.2915
10600,1639.7017
10601,2856.5605
10602,3959.227
10603,6231.469
10604,4564.568
10605,7180.0366
10606,7022.4907
10607,5784.129
10608,3975.0227
10609,7758.008
10610,1514.5693
10611,3498.5977
10612,4936.9165
10613,3826.184
10614,9086.547
10615,2407.3977
10616,4259.2754
10617,4863.065
10618,5335.6255
10619,7723.5283
10620,4480.551
10621,2618.653
10622,7223.814
10623,7679.557
10624,4064.7375
10625,4693.426
10626,6549.479
10627,6099.8926
10628,4156.2188
10629,3169.9475
10630,6184.006
10631,3701.5457
10632,9778.462
10633,5625.9756
10634,11172.897
10635,5333.7173
10636,3872.2175
10637,1846.0272
10638,4675.343
10639,4948.694
10640,4491.921
10641,7463.3057
10642,4683.8906
10643,2123.8047
10644,5915.5386
10645,3022.0886
10646,6303.8047
10647,5853.2876
10648,5493.2104
10649,6327.244
10650,4160.209
10651,6133.7847
10652,6128.264
10653,4652.2363
10654,5570.2505
10655,3107.5247
10656,7785.516
10657,4852.898
10658,3104.7542
10659,3270.6196
10660,4293.193
10661,4766.8203
10662,3282.845
10663,4607.007
10664,4645.168
10665,4900.625
10666,4718.321
10667,7041.68
10668,3329.396
10669,3433.4336
10670,5047.064
10671,4801.979
10672,2730.9326
10673,4468.114
10674,6924.7217
10675,6090.7124
10676,8869.356
10677,4298.9136
10678,6181.193
10679,4868.1655
10680,3524.5488
10681,7942.742
10682,6613.3076
10683,4810.208
10684,4033.944
10685,5163.588
10686,4247.0107
10687,1856.4625
10688,7949.025
10689,5391.096
10690,5040.4634
10691,4346.2812
10692,1354.6304
10693,6278.8354
10694,4667.438
10695,4717.7314
10696,2454.302
10697,4733.418
10698,4580.916
10699,3164.5933
10700,7824.092
10701,3398.7861
10702,3861.616
10703,2848.7896
10704,438.55862
10705,4389.224
10706,10449.22
10707,3213.509
10708,4793.4395
10709,4396.792
10710,3293.5415
10711,2869.3867
10712,5045.9136
10713,2555.2737
10714,7468.5537
10715,4304.2188
10716,2611.966
10717,6725.963
10718,2319.9138
10719,3168.1245
10720,7744.855
10721,5731.007
10722,7546.418
10723,2256.791
10724,4026.528
10725,3714.0737
10726,3650.176
10727,13673.496
10728,10144.115
10729,4530.045
10730,2510.2598
10731,4893.861
10732,3631.2134
10733,2118.8418
10734,5136.731
10735,4133.8945
10736,4163.8457
10737,5664.3784
10738,4218.1953
10739,3491.1628
10740,4985.4365
10741,5242.3374
10742,5867.044
10743,2804.269
10744,4775.864
10745,5431.0293
10746,6636.2515
10747,4498.3657
10748,6261.9277
10749,2086.988
10750,7461.5474
10751,4171.24
10752,2397.6194
10753,3576.4668
10754,3984.2363
10755,3625.4229
10756,5949.9043
10757,3251.351
10758,5355.404
10759,4106.0933
10760,4916.9526
10761,6665.9727
10762,4575.7886
10763,6576.032
10764,5155.9937
10765,2293.671
10766,8190.34
10767,3026.7915
10768,2608.5906
10769,5025.183
10770,7902.3
10771,7850.015
10772,3323.6047
10773,3728.3083
10774,4324.974
10775,5742.4434
10776,4175.7427
10777,6689.284
10778,2948.819
10779,3775.1335
10780,2946.2083
10781,3054.6594
10782,2546.7346
10783,5730.3125
10784,5250.5244
10785,2818.9333
10786,5156.1606
10787,5834.347
10788,6661.3584
10789,4074.7185
10790,3432.4185
10791,4358.313
10792,6256.155
10793,3861.8628
10794,1820.8877
10795,5510.965
10796,5033.0693
10797,4815.047
10798,4354.814
10799,2515.4983
10800,7897.952
10801,2404.5215
10802,7092.4097
10803,3902.3499
10804,3762.9956
10805,5716.4844
10806,3738.9434
10807,3940.4934
10808,6581.567
10809,2621.455
10810,5446.494
10811,7816.76
10812,5700.449
10813,2125.619
10814,4394.368
10815,2562.0964
10816,2242.8547
10817,4943.9336
10818,5388.5205
10819,4293.4795
10820,3733.9924
10821,4532.327
10822,3564.6409
10823,6625.0317
10824,4655.912
10825,4742.5337
10826,3344.402
10827,4484.3174
10828,4516.7124
10829,4825.3135
10830,5565.715
10831,5750.819
10832,6888.9497
10833,4819.453
10834,4741.281
10835,2482.24
10836,4973.0166
10837,6864.5044
10838,5675.346
10839,6527.078
10840,12011.929
10841,3050.2915
10842,564.38354
10843,3113.9316
10844,6441.7573
10845,8975.698
10846,5496.1353
10847,6424.025
10848,6219.065
10849,942.66614
10850,5455.7964
10851,4211.7583
10852,2864.5388
10853,4197.2476
10854,2784.811
10855,2475.339
10856,5767.1226
10857,14288.248
10858,4386.5156
10859,2825.5217
10860,3941.4973
10861,3647.6802
10862,4906.303
10863,3147.0989
10864,3785.7288
10865,5755.3403
10866,3229.9458
10867,7737.191
10868,9604.936
10869,3411.3506
10870,3795.4702
10871,3156.51
10872,3428.2886
10873,3639.5676
10874,7030.117
10875,3108.1235
10876,4353.14
10877,2689.8967
10878,4533.888
10879,4081.7988
10880,5469.406
10881,2597.279
10882,6789.905
10883,4530.836
10884,4296.208
10885,3443.3394
10886,3210.3376
10887,3941.7642
10888,2824.3196
10889,7394.7085
10890,3664.4697
10891,3039.0276
10892,5258.584
10893,4619.694
10894,4880.049
10895,4014.275
10896,4817.6655
10897,7931.6587
10898,5626.002
10899,5025.595
10900,3385.635
10901,3721.3616
10902,4926.793
10903,2935.1646
10904,4535.934
10905,5114.5586
10906,1210.5515
10907,6641.862
10908,3546.3933
10909,4674.5938
10910,3922.002
10911,5219.6494
10912,4191.326
10913,6810.3945
10914,5130.796
10915,3828.371
10916,2322.4573
10917,1873.8098
10918,3590.77
10919,15135.013
10920,1764.1901
10921,3950.52
10922,3374.1277
10923,5026.022
10924,886.46295
10925,6944.8364
10926,4240.3354
10927,3935.2046
10928,2656.7124
10929,6482.252
10930,2884.042
10931,4587.453
10932,6942.803
10933,2969.1335
10934,5412.3965
10935,4743.461
10936,2909.494
10937,3813.4346
10938,5823.6167
10939,2141.778
10940,7058.7134
10941,5777.8975
10942,4796.5312
10943,7046.699
10944,6784.5767
10945,5673.0835
10946,3674.6353
10947,3340.0212
10948,8960.969
10949,3080.673
10950,5222.7026
10951,2264.612
10952,5155.197
10953,2463.633
10954,4878.3643
10955,4414.7285
10956,3724.7747
10957,4181.618
10958,6320.91
10959,4523.0156
10960,4422.5347
10961,4905.358
10962,5325.6953
10963,7520.4785
10964,6059.913
10965,3743.8757
10966,3726.5588
10967,4485.062
10968,2811.577
10969,9933.025
10970,4854.8706
10971,4736.4214
10972,6865.2246
10973,5040.2085
10974,1916.7538
10975,34.69243
10976,6197.581
10977,4826.8237
10978,6074.4556
10979,5587.774
10980,6910.72
10981,4689.7476
10982,3334.8699
10983,2613.4692
10984,4142.0337
10985,5419.1226
10986,2402.6846
10987,8073.6265
10988,5396.272
10989,4523.201
10990,5491.482
10991,3876.4084
10992,5347.278
10993,3302.3098
10994,4086.7622
10995,3974.162
10996,2942.9678
10997,5585.7544
10998,4953.3457
10999,5158.8125
11000,4497.486
11001,3301.3208
11002,4708.5557
11003,5717.6567
11004,4572.0845
11005,2575.0732
11006,2606.6775
11007,8453.44
11008,4740.191
11009,3279.5835
11010,6559.25
11011,5247.6157
11012,4513.327
11013,3822.3755
11014,1536.3629
11015,5360.484
11016,5153.442
11017,4042.542
11018,6687.4146
11019,5450.116
11020,2951.1816
11021,4456.298
11022,2760.9841
11023,1012.7944
11024,5049.1875
11025,6927.1265
11026,4455.7705
11027,3617.2148
11028,2378.5254
11029,3680.5781
11030,5418.1045
11031,4613.282
11032,7693.1055
11033,3309.6233
11034,4079.3855
11035,3032.0688
11036,5112.8223
11037,2886.2947
11038,2257.897
11039,3644.7688
11040,3354.0542
11041,5156.82
11042,3706.1353
11043,4234.115
11044,4223.5586
11045,6011.1353
11046,3811.4888
11047,3171.7957
11048,7744.1826
11049,5651.7227
11050,4946.967
11051,2172.3672
11052,3940.655
11053,4787.047
11054,3258.3994
11055,6435.776
11056,6358.953
11057,5195.251
11058,5476.6675
11059,4272.553
11060,7295.097
11061,8704.66
11062,2716.2415
11063,3323.424
11064,4422.252
11065,4863.334
11066,4551.216
11067,6978.395
11068,5243.0474
11069,4601.934
11070,2112.6223
11071,5041.021
11072,5497.1104
11073,2692.1584
11074,5003.6494
11075,2117.7493
11076,5200.0156
11077,4460.6826
11078,3987.2285
11079,4475.489
11080,3434.2393
11081,4001.6506
11082,5756.938
11083,3988.3164
11084,5916.1875
11085,4094.0745
11086,7052.6025
11087,4508.5293
11088,3004.7708
11089,6774.2373
11090,2500.5803
11091,7420.207
11092,4676.7163
11093,4023.399
11094,5039.1895
11095,4042.9778
11096,2802.0708
11097,772.4907
11098,2858.766
11099,2332.4722
11100,4898.256
11101,4680.7466
11102,5165.7407
11103,5187.5312
11104,4593.439
11105,3256.6438
11106,4989.4517
11107,2544.952
11108,8774.4375
11109,5935.4727
11110,7480.2886
11111,4659.333
11112,4376.481
11113,7225.5093
11114,7905.24
11115,2612.1953
11116,6424.111
11117,4494.561
11118,5504.6924
11119,5245.033
11120,4042.5923
11121,2357.7458
11122,3678.3386
11123,3037.4565
11124,2249.3242
11125,5568.1895
11126,4506.5215
11127,19779.979
11128,6392.132
11129,1560.0927
11130,9520.369
11131,14404.661
11132,7532.8047
11133,9426.356
11134,7218.084
11135,10765.266
11136,5074.2456
11137,3015.4792
11138,4292.73
11139,10202.274
11140,2684.5974
11141,7759.614
11142,3307.6033
11143,2326.7046
11144,2511.0312
11145,2017.9435
11146,12216.895
11147,12965.275
11148,8670.042
11149,9213.999
11150,3847.1626
11151,7628.2217
11152,1285.1188
11153,7472.466
11154,13665.035
11155,4225.92
11156,7556.7393
11157,6019.0527
11158,3208.5588
11159,4224.6143
11160,11487.514
11161,6324.378
11162,1972.1266
11163,2219.339
11164,9135.053
11165,4534.7446
11166,3038.6216
11167,1519.8483
11168,3272.9607
11169,3339.126
11170,6752.993
11171,3634.672
11172,3274.3254
11173,1924.3918
11174,8332.804
11175,3632.4053
11176,16582.154
11177,2717.461
11178,3161.039
11179,9931.756
11180,5672.223
11181,7760.746
11182,9688.136
11183,1489.3838
11184,6439.0117
11185,7835.1665
11186,7050.5513
11187,6180.6797
11188,3585.745
11189,2023.9337
11190,2627.611
11191,2625.5461
11192,10880.796
11193,5008.496
11194,16925.572
11195,5740.751
11196,2283.6243
11197,11655.106
11198,1643.7168
11199,6089.7246
11200,8593.805
11201,10117.399
11202,9147.634
11203,2191.4465
11204,4567.969
11205,8776.404
11206,7521.9277
11207,2397.7131
11208,8511.392
11209,3899.265
11210,8067.1914
11211,5211.963
11212,3512.9011
11213,6881.68
11214,1643.2557
11215,3398.1897
11216,5069.016
11217,9406.769
11218,7354.9443
11219,2311.4773
11220,8428.378
11221,6232.515
11222,7523.248
11223,2271.9236
11224,4047.1643
11225,2983.027
11226,2397.8516
11227,2107.1387
11228,4662.4272
11229,2800.887
11230,2456.1665
11231,1125.3002
11232,3321.386
11233,3369.8013
11234,2536.75
11235,6242.701
11236,2448.114
11237,3376.2559
11238,3581.892
11239,10497.728
11240,10370.813
11241,2751.6375
11242,13021.735
11243,7010.739
11244,3710.9678
11245,3392.0554
11246,2937.7292
11247,12434.676
11248,5158.158
11249,2974.5103
11250,2355.9448
11251,9597.729
11252,1617.1813
11253,2568.7048
11254,1585.6808
11255,5626.893
11256,3218.074
11257,7154.3057
11258,6006.424
11259,10510.762
11260,3497.0693
11261,2916.4802
11262,8229.665
11263,7327.9575
11264,8457.812
11265,8404.368
11266,2661.4143
11267,3535.7222
11268,1569.3983
11269,8143.2764
11270,1662.8345
11271,14911.298
11272,3253.0388
11273,2952.8333
11274,2865.5022
11275,2598.004
11276,5147.4775
11277,2441.9636
11278,2490.109
11279,13478.425
11280,9213.674
11281,4553.5737
11282,9571.766
11283,5226.5
11284,2103.4888
11285,2414.6458
11286,6343.5356
11287,11976.09
11288,8511.8545
11289,1520.2356
11290,6133.375
11291,10536.186
11292,11344.728
11293,3579.3406
11294,5557.1157
11295,6385.8
11296,2551.4941
11297,3942.9338
11298,5634.235
11299,7229.935
11300,3433.9575
11301,3121.09
11302,242.79887
11303,10402.306
11304,3853.1418
11305,9120.783
11306,2393.203
11307,3454.2158
11308,13418.449
11309,2136.8162
11310,6495.4165
11311,7041.0825
11312,8186.4976
11313,2064.2078
11314,3841.79
11315,7173.999
11316,4239.0615
11317,8789.037
11318,3111.5798
11319,8663.603
11320,7173.479
11321,4301.0547
11322,21996.35
11323,7261.8647
11324,7564.0156
11325,1247.29
11326,7403.664
11327,8041.6787
11328,2594.7615
11329,5773.4243
11330,25939.998
11331,1986.6294
11332,2645.0017
11333,11144.514
11334,6525.702
11335,9206.707
11336,2669.035
11337,9176.908
11338,1970.3313
11339,3033.0496
11340,3343.3174
11341,8872.792
11342,4257.9185
11343,2852.5886
11344,7635.625
11345,2545.2214
11346,2977.4233
11347,1545.7028
11348,3318.2476
11349,3144.854
11350,2636.938
11351,10209.955
11352,2235.5364
11353,2443.1907
11354,821.0585
11355,2412.3962
11356,5339.801
11357,10515.304
11358,2604.5544
11359,7780.29
11360,2088.5237
11361,7633.5933
11362,3404.6792
11363,2538.0522
11364,1871.8638
11365,16977.922
11366,7046.444
11367,16640.201
11368,2536.8442
11369,2187.345
11370,7124.894
11371,5445.4136
11372,12686.589
11373,2438.6484
11374,8850.538
11375,16596.82
11376,3799.3425
11377,7446.525
11378,2746.624
11379,6648.352
11380,8581.707
11381,4961.981
11382,3741.1338
11383,14220.084
11384,6991.987
11385,16073.952
11386,5032.7285
11387,2881.1296
11388,2948.8513
11389,2340.0854
11390,8807.507
11391,7502.2812
11392,4270.9355
11393,9604.505
11394,11444.404
11395,2709.8225
11396,8971.419
11397,3098.895
11398,3971.4146
11399,3327.9163
11400,7048.85
11401,9776.187
11402,3435.7532
11403,10343.599
11404,9491.801
11405,3821.7522
11406,13168.447
11407,2215.8691
11408,4415.036
11409,2183.8687
11410,1802.686
11411,7552.236
11412,4676.1055
11413,2263.7036
11414,7426.2676
11415,3487.375
11416,10673.183
11417,2762.2488
11418,4685.772
11419,9511.248
11420,5659.345
11421,16308.545
11422,9277.048
11423,2766.1887
11424,8859.795
11425,10597.107
11426,13203.17
11427,14116.077
11428,7664.68
11429,8430.558
11430,7164.9653
11431,3343.5693
11432,4911.5146
11433,7484.3203
11434,7793.7334
11435,2729.3594
11436,3159.9204
11437,3243.9744
11438,5727.81
11439,3428.1023
11440,2026.3065
11441,1844.2306
11442,3966.4548
11443,6416.8354
11444,3065.56
11445,4074.6873
11446,2557.06
11447,3034.537
11448,2324.8872
11449,13663.575
11450,8673.127
11451,6334.907
11452,3002.0718
11453,10485.08
11454,6095.565
11455,9723.517
11456,4219.439
11457,6923.421
11458,3192.4746
11459,1676.7783
11460,2911.6082
11461,2801.7195
11462,12588.021
11463,13671.279
11464,7295.689
11465,4603.2334
11466,4050.2888
11467,2355.3042
11468,6530.31
11469,2475.8162
11470,12302.379
11471,7157.9707
11472,6741.313
11473,10131.0625
11474,3140.5906
11475,3655.9329
11476,2106.444
11477,6301.773
11478,12265.731
11479,2578.205
11480,7759.125
11481,3027.6436
11482,2733.813
11483,12589.666
11484,2300.2397
11485,8230.913
11486,2503.5964
11487,10818.16
11488,12820.876
11489,7270.8745
11490,13674.331
11491,2752.1836
11492,6396.3584
11493,3970.1343
11494,7408.609
11495,2786.5625
11496,2407.8674
11497,10502.835
11498,2460.4268
11499,5526.9316
11500,10161.934
11501,5283.3154
11502,3232.159
11503,3638.981
11504,3611.5742
11505,11391.566
11506,2446.9312
11507,3257.3179
11508,3108.2747
11509,3182.9321
11510,3095.01
11511,2011.4585
11512,3954.3394
11513,8020.935
11514,2947.975
11515,8635.569
11516,6834.817
11517,9500.713
11518,2009.2871
11519,10541.382
11520,11534.183
11521,3612.5906
11522,3195.9912
11523,12124.52
11524,5864.733
11525,2415.7588
11526,1137.8785
11527,7200.6797
11528,5537.0996
11529,2740.0
11530,4013.268
11531,9933.793
11532,13407.703
11533,8725.641
11534,10231.206
11535,8357.533
11536,6815.2227
11537,12295.787
11538,4017.3203
11539,2439.0356
11540,10897.371
11541,10687.76
11542,1892.5332
11543,4550.3174
11544,4045.686
11545,4226.166
11546,7924.9214
11547,2767.3132
11548,1108.6996
11549,12321.755
11550,2348.885
11551,96.7692
11552,5063.3525
11553,1391.353
11554,8639.087
11555,2400.5984
11556,2730.2031
11557,6543.2285
11558,2157.7698
11559,5374.738
11560,817.9485
11561,9767.36
11562,20781.805
11563,6120.559
11564,8816.559
11565,8494.969
11566,6909.066
11567,5539.926
11568,2425.124
11569,5114.5586
11570,3264.367
11571,8650.8125
11572,1953.0345
11573,3323.9536
11574,1895.4193
11575,6807.6343
11576,11075.986
11577,8201.315
11578,11443.139
11579,2073.9028
11580,3347.3481
11581,2424.0022
11582,5764.7354
11583,16797.87
11584,5161.352
11585,7899.73
11586,2783.438
11587,2515.4514
11588,2543.4348
11589,5328.8306
11590,9221.56
11591,1307.6005
11592,2370.2917
11593,8998.533
11594,2365.7778
11595,2432.869
11596,2571.8533
11597,2579.1104
11598,3052.2825
11599,5370.505
11600,2342.947
11601,2167.3096
11602,3220.8933
11603,9128.111
11604,2393.687
11605,1490.111
11606,3393.8
11607,7163.182
11608,5801.7715
11609,4920.5464
11610,9432.157
11611,7080.142
11612,1157.8473
11613,8084.877
11614,763.1036
11615,7407.5635
11616,8247.975
11617,3192.3833
11618,2482.1096
11619,5324.085
11620,2601.7021
11621,6348.3413
11622,14458.3125
11623,5892.146
11624,4487.1846
11625,5912.419
11626,1435.4127
11627,4367.673
11628,1948.24
11629,7436.4463
11630,2254.7454
11631,9586.448
11632,4216.747
11633,11113.997
11634,1293.8981
11635,5936.469
11636,6325.7773
11637,1876.4856
11638,1936.7089
11639,2265.99
11640,10637.542
11641,1360.7391
11642,2817.132
11643,2953.4954
11644,11025.291
11645,2211.645
11646,2054.4678
11647,2742.3313
11648,3843.839
11649,7966.026
11650,4738.238
11651,2837.835
11652,2211.2905
11653,9315.5205
11654,5438.0273
11655,2682.6362
11656,5774.0024
11657,4754.6685
11658,11375.672
11659,2628.5613
11660,6236.868
11661,8619.121
11662,7157.07
11663,4015.6
11664,3517.7434
11665,6083.3213
11666,10724.479
11667,15686.623
11668,4852.157
11669,2992.6443
11670,2304.375
11671,1775.3933
11672,3050.472
11673,10847.917
11674,2410.758
11675,11001.845
11676,2041.5922
11677,2479.1926
11678,2433.462
11679,12264.539
11680,3120.5393
11681,2504.1807
11682,7654.1313
11683,2690.713
11684,2416.772
11685,9716.545
11686,9483.982
11687,8614.083
11688,3863.2483
11689,8574.532
11690,8265.536
11691,1789.891
11692,2767.82
11693,12271.77
11694,12506.229
11695,9572.149
11696,18174.223
11697,7302.929
11698,320.97308
11699,6382.926
11700,10562.215
11701,4987.077
11702,2580.426
11703,10199.638
11704,10047.297
11705,307.25916
11706,3802.1777
11707,7196.7183
11708,2086.0134
11709,2480.5022
11710,5505.354
11711,6501.683
11712,8960.602
11713,15846.693
11714,2383.532
11715,2711.5085
11716,7631.293
11717,2882.9084
11718,9292.768
11719,2594.316
11720,3820.1375
11721,2240.3918
11722,7858.9224
11723,14551.886
11724,17312.24
11725,6027.452
11726,1909.8174
11727,4774.0283
11728,2415.216
11729,6770.594
11730,3894.8857
11731,5297.2324
11732,2548.4312
11733,2225.1094
11734,1763.5994
11735,8114.7827
11736,8895.993
11737,1262.8516
11738,2639.6047
11739,10339.653
11740,9001.976
11741,9321.307
11742,6052.0107
11743,9091.063
11744,1775.2179
11745,12803.023
11746,1562.9478
11747,8200.877
11748,6348.614
11749,2420.292
11750,1949.8673
11751,2551.5671
11752,3899.8118
11753,2365.8196
11754,12530.31
11755,1960.3746
11756,5682.9136
11757,1987.2948
11758,2579.129
11759,6141.6
11760,2944.3115
11761,7399.0967
11762,703.8435
11763,8941.418
11764,7248.91
11765,11006.904
11766,2172.0137
11767,10641.489
11768,2792.2107
11769,15697.803
11770,2645.7034
11771,2549.629
11772,4790.898
11773,1607.4667
11774,8710.433
11775,6159.4697
11776,4423.4966
11777,6493.8677
11778,15533.118
11779,8061.699
11780,51.44496
11781,5473.5967
11782,8293.31
11783,2202.9504
11784,1765.5154
11785,4226.7505
11786,2085.883
11787,8674.302
11788,2804.6865
11789,2024.5005
11790,857.9155
11791,7400.3037
11792,2243.0205
11793,10525.408
11794,10899.627
11795,1583.5985
11796,9748.914
11797,3704.6614
11798,6902.0776
11799,4460.074
11800,2331.9683
11801,10473.716
11802,6441.7085
11803,1990.5125
11804,10782.478
11805,2534.3816
11806,2883.1396
11807,5773.5786
11808,7319.1562
11809,6174.7227
11810,2119.6484
11811,7614.6284
11812,7997.6274
11813,7342.209
11814,10094.642
11815,2863.588
11816,6774.425
11817,3425.6438
11818,10920.458
11819,3363.2593
11820,8354.919
11821,1356.518
11822,2888.5894
11823,8533.868
11824,2093.261
11825,3952.0767
11826,3172.1133
11827,7165.526
11828,3043.028
11829,7810.5815
11830,1400.1158
11831,20.510523
11832,12522.317
11833,7128.2656
11834,4488.9824
11835,10267.307
11836,3611.874
11837,6600.0615
11838,8452.029
11839,1980.6995
11840,2975.0908
11841,9323.778
11842,5550.96
11843,3053.36
11844,2808.9414
11845,8679.9375
11846,10630.858
11847,7776.573
11848,7273.4688
11849,5736.64
11850,3184.3716
11851,8388.352
11852,7945.1514
11853,9284.616
11854,3210.1968
11855,10048.792
11856,7513.03
11857,2424.6982
11858,3072.663
11859,10110.318
11860,2632.8403
11861,5723.07
11862,2267.6543
11863,2787.5623
11864,12297.276
11865,2315.4282
11866,10955.02
11867,2200.1167
11868,7338.5684
11869,6662.985
11870,4225.5005
11871,2930.597
11872,8817.854
11873,8982.832
11874,1680.9187
11875,3912.115
11876,6590.7134
11877,9744.991
11878,2037.6018
11879,879.7532
11880,9690.095
11881,3956.1162
11882,9085.203
11883,9509.099
11884,1757.1473
11885,8874.493
11886,7970.1147
11887,7515.8823
11888,2216.2097
11889,6639.873
11890,4904.9087
11891,2055.9326
11892,7668.724
11893,7350.814
11894,6396.816
11895,2275.3684
11896,1882.877
11897,3001.8398
11898,7868.7256
11899,3673.3384
11900,7923.591
11901,8935.279
11902,5592.36
11903,2346.635
11904,3459.8552
11905,7560.2646
11906,2885.8171
11907,5377.6045
11908,13318.349
11909,3501.4556
11910,6092.6646
11911,1659.1168
11912,2760.0625
11913,9246.916
11914,7611.528
11915,2101.1409
11916,11485.64
11917,5914.5
11918,6044.3726
11919,5979.4033
11920,7314.515
11921,8540.366
11922,2293.1304
11923,7398.5674
11924,10226.474
11925,2671.0015
11926,5000.6196
11927,2006.9581
11928,13040.764
11929,4520.475
11930,10615.741
11931,1249.433
11932,3506.7236
11933,2169.4548
11934,8896.333
11935,3188.7522
11936,7869.694
11937,2129.6404
11938,7687.443
11939,7228.094
11940,10735.583
11941,9363.721
11942,2679.6384
11943,2714.599
11944,5893.0005
11945,11386.298
11946,2219.9268
11947,13716.625
11948,2019.9498
11949,2134.6978
11950,6298.4136
11951,7454.278
11952,1657.6672
11953,1426.5511
11954,5787.4014
11955,5653.1406
11956,4380.4487
11957,2822.942
11958,3544.7021
11959,2729.7722
11960,2379.9668
11961,2338.1504
11962,7676.789
11963,6619.094
11964,10956.044
11965,11442.604
11966,5298.9053
11967,2465.353
11968,7721.0684
11969,3175.0774
11970,10525.026
11971,6249.439
11972,10526.191
11973,2841.3186
11974,2785.312
11975,2240.2317
11976,6251.0605
11977,7407.9023
11978,1880.8308
11979,2404.953
11980,5515.9346
11981,11515.2
11982,8313.505
11983,27571.76
11984,3247.0303
11985,801.77277
11986,586.00055
11987,1139.4497
11988,686.3024
11989,698.9605
11990,575.4542
11991,665.6747
11992,650.3718
11993,1142.3301
11994,361.5292
11995,670.4611
11996,1510.5623
11997,550.8937
11998,1317.7444
11999,938.2017
12000,691.3658
12001,1028.1477
12002,661.7017
12003,813.10223
12004,798.40826
12005,693.07245
12006,323.9037
12007,548.7177
12008,579.85297
12009,446.79126
12010,751.1708
12011,1564.2527
12012,518.4462
12013,448.81146
12014,356.2431
12015,1159.2384
12016,700.6672
12017,550.9416
12018,977.932
12019,860.95447
12020,702.05
12021,309.18585
12022,1363.389
12023,718.20435
12024,1153.9003
12025,1112.5819
12026,599.22095
12027,1173.281
12028,1278.4216
12029,594.23035
12030,584.6591
12031,601.53827
12032,1450.6346
12033,1114.3403
12034,1551.2781
12035,748.24054
12036,1672.5092
12037,500.62225
12038,797.4227
12039,696.21173
12040,505.1031
12041,561.30835
12042,577.7661
12043,1789.8977
12044,1132.4371
12045,943.83594
12046,1283.6221
12047,926.76056
12048,1051.0076
12049,341.13864
12050,763.16736
12051,368.8043
12052,842.9888
12053,760.36926
12054,669.51056
12055,589.49005
12056,554.125
12057,725.5525
12058,504.86423
12059,805.46216
12060,2076.8691
12061,514.8319
12062,512.4016
12063,923.6077
12064,572.41473
12065,2131.6887
12066,544.5901
12067,753.6047
12068,1316.5697
12069,460.011
12070,1081.2452
12071,1140.4594
12072,354.37302
12073,695.3044
12074,527.51166
12075,1045.0195
12076,3081.6401
12077,354.6278
12078,438.50223
12079,852.4143
12080,1465.3235
12081,1162.2214
12082,768.9746
12083,465.80103
12084,1203.0059
12085,905.5465
12086,919.6096
12087,1157.7831
12088,1126.3215
12089,1255.7627
12090,944.1072
12091,418.98953
12092,1165.2316
12093,1468.1467
12094,1149.7017
12095,586.2402
12096,720.23676
12097,967.0061
12098,912.3639
12099,481.13748
12100,287.3225
12101,1617.4113
12102,1041.102
12103,856.87177
12104,1419.9784
12105,1462.9489
12106,1174.5259
12107,634.6327
12108,1374.2107
12109,1041.5529
12110,652.71643
12111,501.28812
12112,1482.0387
12113,399.69492
12114,434.81302
12115,703.54675
12116,1086.4617
12117,1041.0066
12118,533.82446
12119,506.37503
12120,629.28326
12121,628.6212
12122,1033.2196
12123,907.17676
12124,877.50964
12125,607.5763
12126,561.51483
12127,576.7619
12128,867.2809
12129,1504.0828
12130,1036.6493
12131,928.0275
12132,1659.0876
12133,943.9292
12134,975.28424
12135,895.0238
12136,648.43256
12137,1410.1437
12138,644.12604
12139,416.34717
12140,1049.028
12141,875.1034
12142,468.12393
12143,980.91327
12144,545.997
12145,495.9071
12146,458.17734
12147,585.1047
12148,633.5903
12149,1111.3517
12150,517.337
12151,439.84787
12152,743.4116
12153,279.47168
12154,402.0677
12155,527.03955
12156,1204.4375
12157,1093.2299
12158,15.154827
12159,579.7743
12160,1616.9004
12161,679.061
12162,777.7615
12163,1719.7726
12164,867.8259
12165,987.207
12166,589.10754
12167,486.44897
12168,572.9539
12169,720.0476
12170,1085.9924
12171,400.8713
12172,1690.2606
12173,617.43536
12174,1194.2659
12175,638.87036
12176,499.60242
12177,1368.1877
12178,1649.0238
12179,1024.437
12180,537.87573
12181,415.33505
12182,466.82382
12183,656.55457
12184,1178.2166
12185,2277.999
12186,1879.2997
12187,696.27155
12188,1092.7363
12189,774.1848
12190,462.15643
12191,913.4983
12192,1151.0177
12193,684.535
12194,773.9664
12195,984.3076
12196,1177.1774
12197,712.1475
12198,1663.4463
12199,948.0175
12200,567.19977
12201,977.66504
12202,766.821
12203,732.6223
12204,1153.4763
12205,871.61993
12206,1235.327
12207,681.335
12208,1137.8519
12209,1062.3643
12210,298.855
12211,1174.1711
12212,1416.3925
12213,1145.5505
12214,988.7698
12215,534.8974
12216,605.3202
12217,578.91394
12218,670.6136
12219,895.7936
12220,675.4726
12221,1195.7772
12222,631.07556
12223,750.3804
12224,1349.6285
12225,1091.4203
12226,437.92273
12227,778.65436
12228,851.29596
12229,791.15985
12230,562.1176
12231,1296.413
12232,1219.995
12233,550.3374
12234,882.38367
12235,435.49643
12236,559.69946
12237,329.81427
12238,1252.2325
12239,1123.7953
12240,394.6752
12241,1359.0687
12242,2504.3538
12243,944.4421
12244,1166.2998
12245,862.8155
12246,644.0279
12247,549.3563
12248,1831.2106
12249,586.04956
12250,884.9468
12251,924.294
12252,663.7247
12253,941.9577
12254,1610.0327
12255,1243.9203
12256,436.35355
12257,549.35394
12258,982.9601
12259,736.2863
12260,704.6337
12261,1215.1704
12262,870.37335
12263,1185.4666
12264,1832.3109
12265,830.20703
12266,742.4024
12267,572.7361
12268,1719.2114
12269,1102.0902
12270,740.2598
12271,1120.8203
12272,581.91675
12273,875.55634
12274,769.33966
12275,699.3438
12276,382.14423
12277,931.6877
12278,3878.5168
12279,1325.999
12280,509.47836
12281,664.29486
12282,919.1729
12283,1051.5334
12284,456.31433
12285,608.0039
12286,537.08875
12287,1564.3907
12288,345.27982
12289,530.5612
12290,471.93274
12291,975.247
12292,673.6931
12293,927.8495
12294,384.6881
12295,1158.6808
12296,755.33417
12297,762.0437
12298,1018.7457
12299,472.25128
12300,1599.0131
12301,1446.0134
12302,1304.7731
12303,1044.3395
12304,1206.033
12305,981.31415
12306,550.29266
12307,421.67062
12308,845.02673
12309,579.94244
12310,400.64545
12311,556.17737
12312,304.40265
12313,466.41064
12314,1678.6482
12315,666.70544
12316,1217.1095
12317,1295.3276
12318,860.5917
12319,1008.465
12320,635.67224
12321,1488.8693
12322,285.62152
12323,993.5139
12324,574.5308
12325,703.0353
12326,706.0939
12327,449.74997
12328,488.6558
12329,769.2052
12330,1804.5336
12331,1572.912
12332,816.5501
12333,411.30362
12334,4783.7925
12335,1187.514
12336,549.37787
12337,1004.9534
12338,1249.1713
12339,957.47644
12340,719.21124
12341,567.1927
12342,1290.1876
12343,742.92474
12344,1137.3253
12345,506.6013
12346,1141.1923
12347,1113.8145
12348,468.87347
12349,329.10736
12350,524.2368
12351,1043.3713
12352,918.9198
12353,657.26044
12354,798.9367
12355,361.92737
12356,605.7008
12357,368.97925
12358,1133.8978
12359,1137.1962
12360,1294.7202
12361,665.72235
12362,1009.3318
12363,1660.6256
12364,875.89246
12365,887.3817
12366,1000.36237
12367,1013.0941
12368,1972.393
12369,600.6064
12370,829.1732
12371,575.47675
12372,699.27136
12373,573.8945
12374,825.57245
12375,763.5537
12376,860.0097
12377,950.9213
12378,1165.1849
12379,664.7569
12380,488.66
12381,1588.2788
12382,954.94415
12383,441.52518
12384,320.70007
12385,976.88324
12386,1392.6869
12387,1428.0985
12388,980.9648
12389,954.58826
12390,739.55676
12391,502.5224
12392,464.5269
12393,868.39655
12394,2067.0103
12395,1072.629
12396,757.93384
12397,641.8359
12398,689.3189
12399,345.33694
12400,1446.041
12401,1129.4431
12402,593.41034
12403,1011.04254
12404,586.5393
12405,817.35706
12406,971.38165
12407,51.19426
12408,368.77008
12409,865.2888
12410,639.67145
12411,1037.6423
12412,1136.3759
12413,467.7809
12414,615.4915
12415,375.29904
12416,61.60309
12417,644.54486
12418,1664.8993
12419,383.07346
12420,502.95404
12421,617.007
12422,395.35275
12423,371.08994
12424,853.8512
12425,365.28015
12426,1139.5938
12427,556.74725
12428,714.16315
12429,1666.3663
12430,769.3066
12431,412.92047
12432,833.01794
12433,695.8916
12434,893.0205
12435,1039.1455
12436,1260.0012
12437,688.29926
12438,432.40036
12439,1318.5068
12440,1943.6251
12441,593.2083
12442,951.85724
12443,780.20245
12444,970.45105
12445,370.0055
12446,1112.9005
12447,529.17224
12448,871.64575
12449,639.13983
12450,821.8338
12451,976.6063
12452,1087.3202
12453,1324.1482
12454,1300.8197
12455,384.5397
12456,873.89435
12457,976.8674
12458,1661.2595
12459,591.6955
12460,1256.7974
12461,595.1978
12462,1187.7821
12463,634.57294
12464,455.22467
12465,473.1851
12466,697.41656
12467,438.63617
12468,574.14484
12469,597.3532
12470,297.4515
12471,461.42688
12472,592.8944
12473,1239.285
12474,1023.76
12475,1539.9828
12476,1272.8813
12477,440.45496
12478,1056.7458
12479,381.28268
12480,290.791
12481,641.1328
12482,536.7281
12483,1817.8392
12484,974.59784
12485,562.1047
12486,801.68896
12487,664.22186
12488,393.4733
12489,671.68567
12490,492.14008
12491,523.70966
12492,469.74942
12493,959.1965
12494,688.81744
12495,1234.3583
12496,770.63446
12497,618.32806
12498,1571.9862
12499,1134.6774
12500,833.07324
12501,832.9762
12502,876.95013
12503,1014.6364
12504,1600.5894
12505,480.33856
12506,348.53314
12507,1498.0942
12508,925.9443
12509,581.62915
12510,354.18668
12511,706.32587
12512,1409.5624
12513,491.3067
12514,798.5962
12515,1251.4326
12516,518.8895
12517,641.206
12518,619.3797
12519,994.0499
12520,1219.172
12521,420.5736
12522,786.31744
12523,918.73425
12524,1411.955
12525,888.77606
12526,792.66766
12527,739.14514
12528,285.96286
12529,716.05695
12530,796.8161
12531,755.93884
12532,705.2056
12533,1079.3652
12534,939.6951
12535,837.3421
12536,986.79895
12537,811.792
12538,486.76892
12539,1279.2351
12540,762.4684
12541,696.7392
12542,544.2208
12543,691.10864
12544,1251.6381
12545,624.2001
12546,539.98944
12547,850.1568
12548,858.9831
12549,896.6296
12550,812.5031
12551,1316.3397
12552,1269.6182
12553,507.20023
12554,124.19555
12555,515.3878
12556,748.0351
12557,1682.387
12558,1260.4072
12559,700.3437
12560,700.2347
12561,107.684364
12562,1221.9954
12563,422.31726
12564,795.77094
12565,868.6171
12566,388.0079
12567,410.86423
12568,571.69934
12569,1345.3141
12570,1189.5078
12571,801.8448
12572,588.7542
12573,697.90894
12574,655.0175
12575,1123.5995
12576,1998.4987
12577,1164.9991
12578,558.20447
12579,1078.0905
12580,909.2235
12581,533.01715
12582,1144.432
12583,356.30035
12584,890.7223
12585,514.0579
12586,1438.0618
12587,334.2964
12588,1002.9858
12589,832.5683
12590,706.1225
12591,506.74313
12592,540.5372
12593,645.61847
12594,1223.8442
12595,704.1669
12596,643.0103
12597,635.783
12598,328.6446
12599,680.0546
12600,648.3985
12601,852.195
12602,781.4461
12603,768.45856
12604,668.2715
12605,900.0921
12606,753.1917
12607,1117.0991
12608,1255.2588
12609,1139.3055
12610,855.6605
12611,1005.2403
12612,399.40765
12613,936.9204
12614,971.8245
12615,421.72766
12616,856.20154
12617,547.4044
12618,263.23376
12619,526.70404
12620,494.33487
12621,667.07965
12622,775.85254
12623,728.9988
12624,1017.5852
12625,1145.2379
12626,1021.465
12627,883.7946
12628,254.33473
12629,704.37305
12630,648.78815
12631,2456.45
12632,292.83887
12633,331.83972
12634,690.1038
12635,529.2433
12636,31.312744
12637,385.33084
12638,440.9398
12639,700.81104
12640,730.7068
12641,1710.8937
12642,887.8813
12643,616.6011
12644,1091.9695
12645,708.94495
12646,1461.3156
12647,541.04816
12648,645.4927
12649,661.4458
12650,1225.3059
12651,759.52527
12652,681.0563
12653,1222.2391
12654,784.76776
12655,1503.6866
12656,1199.2484
12657,660.60736
12658,408.00278
12659,866.93604
12660,850.91895
12661,739.046
12662,1433.1843
12663,391.92715
12664,616.678
12665,422.50827
12666,1045.482
12667,570.3767
12668,559.54517
12669,1504.0017
12670,513.92456
12671,1094.9149
12672,409.42545
12673,1022.445
12674,782.47314
12675,1692.0438
12676,625.1043
12677,446.45914
12678,1013.1575
12679,625.2441
12680,733.1413
12681,1962.0177
12682,1000.9117
12683,640.24817
12684,1788.4364
12685,536.4538
12686,699.87463
12687,7.3503838
12688,824.0721
12689,517.95776
12690,1633.2677
12691,690.37274
12692,1058.706
12693,532.1719
12694,603.9124
12695,790.3119
12696,1051.8964
12697,601.5581
12698,352.626
12699,448.44293
12700,521.45245
12701,576.23016
12702,564.44366
12703,568.8394
12704,586.4682
12705,353.61722
12706,1330.2307
12707,517.82886
12708,698.5698
12709,584.6627
12710,1152.3219
12711,728.9629
12712,502.8123
12713,877.3718
12714,1083.5663
12715,633.0842
12716,574.547
12717,420.28625
12718,895.91205
12719,1251.4493
12720,1324.176
12721,1094.4614
12722,634.084
12723,1190.0308
12724,468.1255
12725,393.24408
12726,279.65723
12727,1293.7925
12728,626.0039
12729,594.1523
12730,1422.0166
12731,1615.7351
12732,415.47305
12733,568.97284
12734,837.00995
12735,489.62408
12736,618.67633
12737,1618.7854
12738,592.35944
12739,624.6098
12740,768.0004
12741,583.3667
12742,681.91376
12743,410.0902
12744,676.64716
12745,419.38626
12746,420.40057
12747,754.22565
12748,485.49344
12749,479.19965
12750,433.27316
12751,1276.4489
12752,694.567
12753,1129.4291
12754,557.9606
12755,979.2296
12756,524.85205
12757,615.5386
12758,454.62354
12759,956.90125
12760,677.40594
12761,505.3348
12762,992.5328
12763,349.98083
12764,854.4825
12765,1191.1569
12766,367.42017
12767,1581.2563
12768,1361.3971
12769,628.6936
12770,556.6898
12771,1134.3975
12772,654.46497
12773,2668.2686
12774,406.36703
12775,415.2487
12776,409.16425
12777,626.8012
12778,1106.724
12779,630.2114
12780,643.2849
12781,978.9399
12782,321.1827
12783,993.69794
12784,1029.729
12785,349.85733
12786,604.5898
12787,386.41095
12788,889.34393
12789,1009.6412
12790,545.37714
12791,688.0656
12792,456.9808
12793,728.84076
12794,544.2166
12795,454.67786
12796,736.7945
12797,562.97534
12798,1430.1661
12799,991.8627
12800,420.23022
12801,805.46295
12802,686.42505
12803,912.2032
12804,984.8937
12805,706.27295
12806,445.6996
12807,449.39053
12808,351.36713
12809,83.414566
12810,461.3614
12811,345.2296
12812,1202.0217
12813,1486.0133
12814,1344.0962
12815,855.70795
12816,924.8567
12817,1117.9493
12818,571.8905
12819,416.78958
12820,829.8884
12821,761.1902
12822,1997.3606
12823,795.4504
12824,451.53876
12825,1805.0786
12826,719.10547
12827,389.67813
12828,787.089
12829,1038.0426
12830,850.0261
12831,811.82025
12832,374.54672
12833,488.2217
12834,858.6473
12835,816.2048
12836,343.47498
12837,796.07385
12838,613.13873
12839,1918.6202
12840,1143.9968
12841,5378.3174
12842,8554.804
12843,9652.295
12844,7246.456
12845,8116.346
12846,5439.838
12847,9999.259
12848,8742.385
12849,6024.7334
12850,4750.7695
12851,8622.385
12852,8384.672
12853,6864.7925
12854,7792.4995
12855,6080.154
12856,3677.1704
12857,7133.666
12858,10475.604
12859,12655.555
12860,11830.345
12861,9193.501
12862,4479.3413
12863,6554.5283
12864,3031.3398
12865,6428.15
12866,10591.601
12867,8786.221
12868,6829.701
12869,6445.1255
12870,4765.466
12871,8484.354
12872,10790.101
12873,7970.3506
12874,5642.619
12875,6325.9707
12876,11157.244
12877,3981.193
12878,8804.281
12879,4400.6562
12880,6842.5527
12881,7215.124
12882,6485.0225
12883,8081.9937
12884,9769.8955
12885,7246.2144
12886,7710.486
12887,8794.579
12888,13936.288
12889,7504.8936
12890,11165.345
12891,10375.364
12892,12204.469
12893,7832.6113
12894,9894.692
12895,4827.698
12896,6681.957
12897,7966.11
12898,6206.845
12899,11428.501
12900,7786.467
12901,5975.5835
12902,7841.0503
12903,5760.7285
12904,10326.201
12905,4601.7847
12906,15395.188
12907,5650.7256
12908,5765.896
12909,10457.805
12910,4562.213
12911,7991.0933
12912,6846.261
12913,9048.105
12914,6162.4844
12915,5463.1387
12916,3158.5552
12917,6462.8667
12918,6912.665
12919,5451.2344
12920,7071.0854
12921,11820.555
12922,7293.2607
12923,5370.715
12924,8423.106
12925,5476.4116
12926,6136.172
12927,7778.302
12928,4912.86
12929,8364.623
12930,7158.722
12931,7777.812
12932,6621.273
12933,5048.9663
12934,6866.2134
12935,6653.078
12936,10263.742
12937,8287.798
12938,5774.0796
12939,5594.8887
12940,8332.74
12941,6484.0205
12942,6138.098
12943,7452.7207
12944,8373.18
12945,8344.574
12946,6356.8125
12947,5834.998
12948,7446.2764
12949,7887.6387
12950,9387.212
12951,8498.607
12952,9405.494
12953,7682.048
12954,9384.49
12955,6844.165
12956,3901.2852
12957,9470.36
12958,7557.453
12959,11553.329
12960,10543.886
12961,8734.842
12962,6422.7017
12963,8338.583
12964,9011.313
12965,7480.274
12966,4416.9526
12967,6565.1777
12968,9721.903
12969,6179.2354
12970,6302.512
12971,9570.57
12972,6296.0293
12973,7377.976
12974,6935.668
12975,6650.1978
12976,9219.105
12977,8124.4863
12978,6267.724
12979,5811.4644
12980,5369.583
12981,7750.8555
12982,3992.7588
12983,7139.077
12984,6656.106
12985,8821.294
12986,7924.256
12987,5935.178
12988,11932.479
12989,6794.1157
12990,5924.189
12991,12375.613
12992,8314.234
12993,8846.815
12994,8781.822
12995,4907.291
12996,6288.449
12997,6257.2886
12998,6560.558
12999,13096.94
13000,7153.7256
13001,3805.567
13002,5966.886
13003,8741.76
13004,9921.663
13005,6646.5767
13006,8142.6006
13007,5578.3535
13008,5478.512
13009,3835.466
13010,5289.689
13011,6229.5137
13012,8230.073
13013,7608.791
13014,123.99727
13015,8006.8784
13016,10703.4795
13017,8246.008
13018,5736.821
13019,11358.369
13020,12516.837
13021,6912.25
13022,9300.41
13023,6261.9155
13024,7377.807
13025,5252.1323
13026,8764.259
13027,6081.8706
13028,10528.31
13029,7849.3486
13030,8069.1
13031,8914.654
13032,5793.068
13033,10789.154
13034,20200.174
13035,10639.449
13036,7673.3994
13037,3713.585
13038,7048.1777
13039,10321.721
13040,5885.855
13041,14921.355
13042,21808.229
13043,4272.3657
13044,7379.363
13045,9422.401
13046,5230.51
13047,13146.123
13048,7420.936
13049,8655.435
13050,5462.9927
13051,6640.164
13052,8040.904
13053,8339.084
13054,10181.123
13055,5781.2163
13056,6672.404
13057,6981.471
13058,5583.826
13059,4605.974
13060,7737.9956
13061,5910.812
13062,7982.127
13063,9209.009
13064,6908.1895
13065,5932.3823
13066,2040.483
13067,6947.248
13068,8532.452
13069,7012.7046
13070,9559.358
13071,6848.841
13072,4175.659
13073,7886.736
13074,6473.972
13075,6407.8384
13076,4913.38
13077,17408.951
13078,9657.921
13079,10274.017
13080,8453.577
13081,5901.196
13082,6117.46
13083,5077.979
13084,11884.515
13085,5362.008
13086,7134.4146
13087,16232.152
13088,7941.962
13089,7363.908
13090,5166.4404
13091,5702.195
13092,7862.011
13093,4740.9146
13094,8725.865
13095,13596.057
13096,5424.62
13097,21117.562
13098,14876.609
13099,5627.623
13100,8917.5625
13101,5590.621
13102,8145.98
13103,7342.4683
13104,11682.017
13105,8075.4287
13106,11471.791
13107,5158.906
13108,8327.281
13109,4978.555
13110,11212.941
13111,8526.505
13112,6461.825
13113,7299.127
13114,7052.697
13115,9529.49
13116,8860.936
13117,8425.115
13118,10891.334
13119,7131.421
13120,12531.302
13121,6240.278
13122,5550.759
13123,6893.4062
13124,12471.59
13125,6360.6514
13126,8889.259
13127,7306.5522
13128,8573.566
13129,5635.261
13130,9585.323
13131,8144.2783
13132,4649.991
13133,14924.1875
13134,20475.213
13135,8724.592
13136,7406.341
13137,10340.265
13138,11320.603
13139,12133.705
13140,7002.3047
13141,8611.232
13142,6320.898
13143,9820.858
13144,4656.7695
13145,7152.8794
13146,6817.043
13147,5912.5654
13148,8873.731
13149,6174.787
13150,5688.597
13151,7803.351
13152,4848.0493
13153,5749.2007
13154,7531.196
13155,7049.6367
13156,10152.372
13157,9829.64
13158,6970.246
13159,7155.302
13160,7074.3706
13161,12493.567
13162,8371.742
13163,6245.417
13164,5316.6504
13165,8180.4326
13166,4959.9175
13167,8233.606
13168,3809.2751
13169,6268.6445
13170,10024.459
13171,3098.3394
13172,7117.063
13173,8627.814
13174,10303.426
13175,12822.943
13176,7073.4463
13177,9832.471
13178,3615.6487
13179,6935.8135
13180,7279.4863
13181,5142.099
13182,9661.698
13183,6429.082
13184,6213.3965
13185,9840.464
13186,11097.389
13187,10986.525
13188,5554.6094
13189,5755.2637
13190,10602.607
13191,7120.9673
13192,7669.7266
13193,6539.934
13194,7953.6055
13195,13232.682
13196,4983.7104
13197,7469.8574
13198,8551.019
13199,9732.442
13200,14853.443
13201,6305.248
13202,15591.284
13203,7882.4194
13204,5919.072
13205,4507.9575
13206,8015.0537
13207,6966.2583
13208,6269.087
13209,8422.93
13210,5562.191
13211,4992.2363
13212,8146.7334
13213,4749.297
13214,7123.0527
13215,7139.9897
13216,9923.121
13217,9804.209
13218,7127.8574
13219,10529.204
13220,6152.347
13221,6340.7646
13222,7041.1157
13223,6758.7734
13224,10475.483
13225,7470.748
13226,6133.8374
13227,8890.887
13228,8987.923
13229,8370.792
13230,6608.2886
13231,9683.785
13232,6818.766
13233,7179.571
13234,7899.3984
13235,9120.209
13236,6793.63
13237,7198.7363
13238,6389.9917
13239,6355.6787
13240,4528.36
13241,5617.594
13242,8561.366
13243,9373.836
13244,11461.073
13245,12955.065
13246,8812.019
13247,6390.565
13248,5631.4624
13249,11179.581
13250,12560.773
13251,6932.7515
13252,9596.813
13253,9345.1455
13254,6879.757
13255,4277.5444
13256,9080.646
13257,8921.178
13258,8271.6875
13259,6310.922
13260,3355.7856
13261,12257.464
13262,5997.1787
13263,305.7227
13264,4279.1445
13265,6074.195
13266,8009.1465
13267,8410.077
13268,7764.1367
13269,6137.132
13270,4572.15
13271,5279.648
13272,743.9879
13273,8060.5615
13274,24701.795
13275,5539.123
13276,7208.4175
13277,9138.138
13278,5655.5835
13279,5944.056
13280,5872.9453
13281,5481.957
13282,7792.0166
13283,7038.685
13284,4391.7324
13285,10653.229
13286,5829.0293
13287,5654.289
13288,9961.744
13289,8803.375
13290,12568.431
13291,5841.525
13292,7249.6294
13293,4303.045
13294,5909.583
13295,18111.205
13296,12086.523
13297,7175.9287
13298,6491.2485
13299,4902.0513
13300,6437.4824
13301,4761.594
13302,10504.509
13303,5138.422
13304,5849.2305
13305,8061.2383
13306,5548.0327
13307,6634.0234
13308,8099.4414
13309,8420.89
13310,9114.748
13311,5451.7075
13312,6003.056
13313,5861.132
13314,10975.444
13315,8339.228
13316,7708.03
13317,4829.237
13318,8138.4624
13319,8063.776
13320,5497.2363
13321,7156.0664
13322,8561.236
13323,6645.182
13324,3527.327
13325,7448.635
13326,3187.0278
13327,5919.3145
13328,7241.4814
13329,8502.556
13330,7555.8457
13331,11533.369
13332,7387.687
13333,5777.501
13334,12861.39
13335,5582.7607
13336,4216.526
13337,9043.852
13338,3922.9075
13339,11840.222
13340,5257.8115
13341,6833.885
13342,5060.7744
13343,8777.903
13344,5509.1465
13345,10602.961
13346,3568.0396
13347,8416.562
13348,7176.428
13349,6109.9253
13350,5166.4897
13351,7106.9688
13352,9881.895
13353,3807.023
13354,9826.64
13355,7329.852
13356,9870.657
13357,4993.6797
13358,7116.7573
13359,7631.839
13360,9881.386
13361,7023.991
13362,4618.381
13363,9610.488
13364,5563.74
13365,8764.534
13366,4768.6216
13367,4738.4277
13368,10240.49
13369,7676.291
13370,9625.974
13371,7692.995
13372,6849.5728
13373,8856.812
13374,7796.0156
13375,8255.72
13376,7935.5786
13377,6469.5586
13378,10295.371
13379,13065.825
13380,7957.8853
13381,5980.51
13382,5476.14
13383,4682.8276
13384,3859.8408
13385,10485.58
13386,5048.099
13387,9882.366
13388,4997.902
13389,6425.7896
13390,7035.155
13391,11050.926
13392,6487.621
13393,6292.3433
13394,6887.656
13395,7280.486
13396,5225.234
13397,8550.244
13398,7384.573
13399,8610.847
13400,9129.774
13401,7419.3433
13402,6105.5327
13403,5621.062
13404,6464.0503
13405,12545.867
13406,10157.999
13407,8247.81
13408,15742.797
13409,6745.262
13410,930.6418
13411,7636.4697
13412,9301.697
13413,12217.069
13414,7587.1953
13415,8488.182
13416,8991.173
13417,711.42834
13418,7290.131
13419,6117.7925
13420,5387.1123
13421,6217.523
13422,5268.0977
13423,6174.4517
13424,7552.092
13425,19852.533
13426,7395.7383
13427,5230.6196
13428,8539.315
13429,3851.0178
13430,6833.748
13431,5324.08
13432,9319.324
13433,6894.636
13434,6979.194
13435,14361.806
13436,13419.28
13437,7191.1807
13438,7271.1035
13439,4305.2617
13440,4812.3423
13441,6538.462
13442,9938.541
13443,5372.6875
13444,5185.4385
13445,6100.579
13446,6612.696
13447,7409.6055
13448,7803.009
13449,3979.2227
13450,7554.2246
13451,9128.372
13452,8783.64
13453,8489.639
13454,4910.475
13455,8561.064
13456,4063.807
13457,11117.676
13458,4644.698
13459,5697.6494
13460,9618.907
13461,5766.9575
13462,5185.404
13463,4939.9644
13464,7120.091
13465,10310.593
13466,10989.921
13467,5828.7793
13468,5415.1797
13469,5876.6997
13470,7137.8584
13471,5524.8916
13472,5810.9155
13473,6925.8843
13474,1760.661
13475,7896.8975
13476,5639.934
13477,8923.901
13478,5568.428
13479,9556.486
13480,5653.6367
13481,14637.561
13482,7524.554
13483,5839.5137
13484,3879.76
13485,3774.9824
13486,6905.166
13487,17414.215
13488,4623.4585
13489,5367.77
13490,9464.347
13491,8050.4966
13492,1815.5995
13493,8894.551
13494,7158.8447
13495,4256.802
13496,5240.8477
13497,10995.98
13498,6183.7935
13499,7704.7734
13500,7155.4043
13501,4437.849
13502,7187.786
13503,6289.343
13504,4625.0376
13505,9761.698
13506,8998.757
13507,4906.0645
13508,8491.138
13509,8068.446
13510,6026.0493
13511,10320.057
13512,7210.095
13513,9272.634
13514,5102.7227
13515,5625.294
13516,8669.918
13517,4300.9683
13518,9205.303
13519,6780.514
13520,7317.0205
13521,5497.4146
13522,6890.606
13523,7261.823
13524,7571.1323
13525,9833.362
13526,6664.9683
13527,7746.3325
13528,6229.8765
13529,6296.095
13530,10651.044
13531,10808.466
13532,8177.1406
13533,3358.8313
13534,6844.296
13535,8144.8223
13536,4412.927
13537,11505.342
13538,6519.338
13539,8612.07
13540,11143.643
13541,8160.872
13542,5157.6167
13543,304.66415
13544,12152.907
13545,6519.363
13546,10382.907
13547,9315.05
13548,6787.496
13549,7586.4136
13550,7743.5107
13551,5583.9697
13552,6686.5283
13553,7663.328
13554,5224.2173
13555,8083.2505
13556,7127.803
13557,8932.886
13558,10059.244
13559,7505.488
13560,7774.341
13561,3959.548
13562,8114.117
13563,7732.72
13564,7117.925
13565,7867.6826
13566,7822.0625
13567,9167.32
13568,6619.1133
13569,6088.865
13570,7493.399
13571,7964.4385
13572,7193.2046
13573,5381.7866
13574,6126.499
13575,8609.122
13576,7636.4917
13577,6909.508
13578,9168.737
13579,6666.4175
13580,7299.127
13581,5492.241
13582,4220.707
13583,9268.195
13584,7668.7754
13585,8458.925
13586,9695.447
13587,10229.83
13588,5593.5015
13589,9102.316
13590,5607.54
13591,3065.0073
13592,8760.548
13593,11686.485
13594,8520.367
13595,8217.555
13596,5354.6685
13597,7938.5083
13598,9279.189
13599,7175.9697
13600,4959.118
13601,5971.3784
13602,5015.3374
13603,5767.15
13604,6085.6196
13605,6466.758
13606,6083.8438
13607,7350.533
13608,4800.225
13609,7563.258
13610,8968.014
13611,5710.163
13612,6859.484
13613,7578.979
13614,6038.063
13615,5717.188
13616,9433.695
13617,7464.366
13618,6493.1616
13619,5598.2573
13620,14165.479
13621,6794.433
13622,5374.8403
13623,10060.262
13624,8102.4316
13625,8932.264
13626,7307.9395
13627,7059.481
13628,10106.26
13629,19189.895
13630,6382.999
13631,5743.106
13632,5572.461
13633,8102.0996
13634,5616.196
13635,9139.628
13636,10030.924
13637,6149.912
13638,4864.721
13639,6639.7144
13640,9062.7705
13641,5521.42
13642,8762.9375
13643,3235.0833
13644,7169.635
13645,8875.543
13646,7712.126
13647,8428.925
13648,6852.6177
13649,4929.5474
13650,6710.462
13651,6554.866
13652,9480.211
13653,8285.593
13654,8473.937
13655,6663.8745
13656,5139.0444
13657,10631.781
13658,4481.042
13659,11367.992
13660,5852.7017
13661,5057.083
13662,9958.704
13663,6586.2705
13664,5689.5684
13665,1264.3229
13666,6232.307
13667,4940.8076
13668,9374.873
13669,9666.888
13670,8630.193
13671,6564.1694
13672,5631.532
13673,6090.8926
13674,6540.1587
13675,6498.2856
13676,11143.366
13677,9968.834
13678,12638.655
13679,4984.357
13680,6892.8477
13681,11055.775
13682,8878.422
13683,6363.528
13684,9592.476
13685,6274.088
13686,6754.868
13687,5299.0366
13688,5806.4385
13689,6122.7603
13690,5686.167
13691,5781.134
13692,4907.2534
13693,9618.98
13694,7687.4795
13695,26303.893
13696,7837.9995
13697,5748.285
13698,11766.53
13699,12811.709
13700,8677.256
13701,9485.059
13702,6191.3003
13703,12167.869
13704,10072.003
13705,6580.644
13706,5638.3315
13707,11162.854
13708,9342.8545
13709,6762.9907
13710,10954.194
13711,7264.5664
13712,4545.246
13713,7783.957
13714,13116.454
13715,14435.798
13716,13023.859
13717,9793.91
13718,7220.859
13719,7410.948
13720,3599.766
13721,6829.076
13722,12644.805
13723,9491.909
13724,8266.893
13725,7073.966
13726,5192.957
13727,7684.4956
13728,13068.08
13729,8931.054
13730,6067.304
13731,7211.5737
13732,11495.624
13733,4839.1187
13734,8951.111
13735,5127.8164
13736,8367.057
13737,8720.591
13738,7142.2646
13739,8408.786
13740,11198.919
13741,8897.224
13742,10690.665
13743,10929.94
13744,14932.246
13745,7240.4385
13746,11045.235
13747,9868.812
13748,13042.431
13749,7883.6826
13750,10332.545
13751,6725.0454
13752,8858.324
13753,10186.475
13754,7113.8525
13755,12918.298
13756,8640.34
13757,6085.6426
13758,7465.755
13759,7345.0596
13760,13563.897
13761,4830.31
13762,18205.31
13763,7758.407
13764,6874.1553
13765,13251.879
13766,4869.7075
13767,8667.743
13768,8244.97
13769,9461.819
13770,8341.089
13771,5502.1777
13772,2869.057
13773,6212.057
13774,13002.265
13775,5253.9214
13776,8204.578
13777,12526.749
13778,8539.526
13779,6061.3984
13780,7521.784
13781,6205.3535
13782,6288.125
13783,8153.831
13784,5519.724
13785,10255.963
13786,8139.5024
13787,8684.616
13788,7516.7354
13789,6087.541
13790,8602.834
13791,7759.4287
13792,9946.193
13793,9712.589
13794,6120.3604
13795,6144.4536
13796,8288.454
13797,6806.0176
13798,9739.76
13799,9684.792
13800,9718.658
13801,10473.286
13802,6002.6494
13803,6957.7256
13804,8236.922
13805,7458.3315
13806,10647.408
13807,9954.051
13808,9385.367
13809,8467.199
13810,10749.886
13811,8487.64
13812,4954.4277
13813,9367.714
13814,7867.5996
13815,14028.183
13816,9659.865
13817,9579.4375
13818,7260.2163
13819,10034.302
13820,10276.29
13821,9573.692
13822,5908.98
13823,7662.2173
13824,9721.208
13825,7426.5156
13826,7703.9287
13827,9967.979
13828,7793.5474
13829,8342.601
13830,7493.3564
13831,7022.5913
13832,8870.093
13833,9105.338
13834,8474.688
13835,5328.749
13836,5209.443
13837,7760.6055
13838,5366.9097
13839,7958.675
13840,7022.189
13841,9813.068
13842,8989.586
13843,7961.3394
13844,12823.848
13845,6633.315
13846,5812.906
13847,11873.23
13848,8856.161
13849,8598.913
13850,9939.669
13851,4357.0283
13852,6862.638
13853,7030.419
13854,8180.9243
13855,14176.615
13856,8355.478
13857,4333.291
13858,5999.959
13859,10458.503
13860,11973.074
13861,8196.951
13862,9056.049
13863,5694.0747
13864,5092.9
13865,4989.461
13866,6840.8237
13867,6930.3315
13868,7930.3804
13869,7863.6387
13870,132.15532
13871,8550.048
13872,11061.06
13873,8903.599
13874,6295.0864
13875,12753.094
13876,12479.515
13877,8505.338
13878,11592.812
13879,6270.002
13880,7437.8433
13881,5837.693
13882,10302.404
13883,7409.316
13884,9208.4375
13885,9249.519
13886,9497.786
13887,11570.863
13888,6292.865
13889,10659.855
13890,23003.291
13891,13206.821
13892,8135.1797
13893,3435.5632
13894,8422.593
13895,12103.1455
13896,7841.1025
13897,12008.904
13898,19486.828
13899,5562.907
13900,8176.4077
13901,10189.584
13902,6173.898
13903,14052.514
13904,8812.498
13905,9111.341
13906,5931.7656
13907,7603.4155
13908,7806.984
13909,9571.318
13910,9530.499
13911,6382.9014
13912,7233.3286
13913,7698.0894
13914,5260.47
13915,4928.593
13916,8903.37
13917,5198.706
13918,8466.084
13919,10753.783
13920,7925.163
13921,7619.8594
13922,2107.5557
13923,7920.924
13924,8893.287
13925,8237.511
13926,11117.336
13927,7767.2256
13928,4017.4084
13929,9832.696
13930,8228.378
13931,6460.7036
13932,5483.092
13933,22590.385
13934,10675.382
13935,9898.0625
13936,8653.891
13937,6550.1226
13938,7900.1523
13939,5883.2783
13940,13979.819
13941,6211.092
13942,7473.6133
13943,17091.86
13944,8584.359
13945,9411.722
13946,5423.6836
13947,6608.692
13948,9000.963
13949,4420.7085
13950,8682.256
13951,15186.575
13952,5813.2827
13953,17583.96
13954,19592.436
13955,6131.936
13956,9387.919
13957,5693.092
13958,8556.673
13959,8243.343
13960,10677.754
13961,9776.262
13962,14026.577
13963,5536.7725
13964,8559.808
13965,4909.894
13966,12452.49
13967,8726.631
13968,8216.363
13969,6878.6875
13970,7192.724
13971,10753.927
13972,10672.175
13973,9252.227
13974,12926.53
13975,6800.0605
13976,12401.1
13977,6408.743
13978,5838.734
13979,7992.5796
13980,14158.037
13981,6993.1475
13982,10908.56
13983,8132.7666
13984,10014.473
13985,5698.5845
13986,11615.655
13987,9151.84
13988,4551.7324
13989,17649.453
13990,18585.586
13991,9076.897
13992,9164.6455
13993,11551.666
13994,11522.012
13995,14128.657
13996,10324.989
13997,9327.808
13998,7800.017
13999,9110.732
14000,5471.9106
14001,7408.185
14002,7688.1978
14003,7794.908
14004,10297.914
14005,6125.687
14006,7211.6704
14007,8242.572
14008,5633.5415
14009,5959.839
14010,7094.8047
14011,8408.201
14012,9030.182
14013,9356.562
14014,7949.6313
14015,6339.7188
14016,7318.7305
14017,14052.353
14018,9246.211
14019,7797.4214
14020,6087.477
14021,8369.7705
14022,4863.1343
14023,8865.407
14024,4687.748
14025,6256.859
14026,11878.09
14027,3079.2039
14028,8071.2397
14029,8192.691
14030,10180.569
14031,14613.108
14032,7965.1826
14033,11309.832
14034,3822.682
14035,7501.008
14036,7557.4243
14037,5502.2617
14038,9754.82
14039,8185.8574
14040,7602.966
14041,11269.346
14042,13817.716
14043,10666.527
14044,7199.169
14045,7218.125
14046,10504.197
14047,7165.7036
14048,7741.9526
14049,6392.6196
14050,7712.31
14051,13426.693
14052,5536.1543
14053,8161.02
14054,9125.552
14055,11398.674
14056,18261.531
14057,6855.54
14058,15873.497
14059,7447.15
14060,6720.217
14061,4562.278
14062,9579.31
14063,8765.973
14064,6627.301
14065,9052.49
14066,5663.0225
14067,6180.238
14068,10689.177
14069,5467.8306
14070,9757.323
14071,6275.1113
14072,11230.762
14073,10763.973
14074,6998.3784
14075,9232.226
14076,6707.7676
14077,6308.665
14078,7316.79
14079,7541.813
14080,13439.287
14081,7234.6675
14082,7457.563
14083,10924.99
14084,12288.812
14085,8878.201
14086,7717.851
14087,10419.771
14088,7793.057
14089,6337.0283
14090,9487.736
14091,9887.174
14092,7722.3057
14093,7190.1724
14094,7220.287
14095,7937.8496
14096,4369.6646
14097,5324.3237
14098,9735.256
14099,11334.247
14100,13482.23
14101,15745.695
14102,9997.618
14103,6481.4297
14104,5686.438
14105,12450.708
14106,11519.319
14107,8145.7935
14108,11276.872
14109,12784.185
14110,8083.8286
14111,5229.392
14112,12084.897
14113,8319.295
14114,9464.789
14115,8602.72
14116,3729.4678
14117,15586.482
14118,5273.437
14119,339.28595
14120,4468.6206
14121,6332.3394
14122,9562.623
14123,9784.592
14124,8865.441
14125,6468.3555
14126,4911.538
14127,5509.8086
14128,844.1135
14129,8131.3164
14130,18115.162
14131,7652.598
14132,7615.0713
14133,9878.945
14134,6473.5957
14135,7643.2466
14136,5550.759
14137,6314.2153
14138,7883.4795
14139,9062.995
14140,5924.1777
14141,9623.477
14142,7852.059
14143,4863.9927
14144,9940.427
14145,10275.251
14146,13604.034
14147,7248.4263
14148,7985.5156
14149,3799.879
14150,6514.365
14151,19651.29
14152,13397.361
14153,8607.71
14154,7178.537
14155,5457.6855
14156,7113.2964
14157,5527.311
14158,11931.421
14159,5422.9595
14160,7042.412
14161,10267.14
14162,6221.99
14163,7010.9326
14164,10371.862
14165,9057.361
14166,10387.761
14167,6463.4956
14168,7037.0337
14169,6964.943
14170,11419.164
14171,8876.161
14172,6912.8364
14173,6173.9453
14174,7184.0576
14175,10096.337
14176,5599.7954
14177,9461.062
14178,9753.202
14179,8432.672
14180,3804.9534
14181,7530.4126
14182,3488.646
14183,5536.7144
14184,8169.057
14185,8688.967
14186,9547.403
14187,10557.662
14188,7634.496
14189,6625.0317
14190,12732.603
14191,6253.2256
14192,4299.3604
14193,11966.476
14194,3106.9258
14195,12149.095
14196,6508.4834
14197,7918.129
14198,6840.7847
14199,8320.993
14200,9497.017
14201,12688.246
14202,4275.994
14203,9927.655
14204,7907.4194
14205,7172.1655
14206,5658.611
14207,6849.566
14208,9329.24
14209,4114.2993
14210,12387.328
14211,6899.8857
14212,11008.92
14213,5796.539
14214,9396.035
14215,8603.048
14216,9383.246
14217,9385.797
14218,5640.634
14219,8148.964
14220,7345.9004
14221,9822.301
14222,5317.5127
14223,4657.067
14224,10406.643
14225,10566.3955
14226,9798.423
14227,8450.748
14228,6645.664
14229,9345.813
14230,8377.533
14231,8857.632
14232,10306.109
14233,9004.054
14234,10256.696
14235,14128.766
14236,8653.61
14237,6751.4346
14238,6961.8677
14239,5319.9326
14240,4443.2666
14241,14367.574
14242,4310.8633
14243,11843.633
14244,5474.114
14245,7183.242
14246,8553.107
14247,11426.093
14248,6954.5405
14249,6344.9517
14250,8371.543
14251,9236.63
14252,4989.028
14253,9586.813
14254,7930.471
14255,9165.642
14256,9048.2
14257,7575.972
14258,6857.2993
14259,5838.0547
14260,6581.5483
14261,14265.794
14262,11271.228
14263,8799.202
14264,13528.446
14265,6971.4697
14266,939.8172
14267,8934.394
14268,10888.415
14269,12641.403
14270,8506.312
14271,7989.927
14272,9059.158
14273,888.5021
14274,7090.083
14275,8026.0317
14276,6428.42
14277,6733.601
14278,6145.4795
14279,8092.878
14280,7965.076
14281,21025.441
14282,7034.947
14283,5035.2446
14284,10052.147
14285,3453.557
14286,8033.3994
14287,5980.846
14288,10077.586
14289,6133.5737
14290,7694.316
14291,16647.25
14292,14953.666
14293,7452.906
14294,7708.309
14295,4445.2383
14296,4973.5854
14297,7519.5967
14298,9839.244
14299,6785.444
14300,4573.72
14301,7145.236
14302,6944.8496
14303,9627.378
14304,9774.472
14305,3841.398
14306,7871.856
14307,11471.638
14308,11181.64
14309,10242.902
14310,4663.33
14311,9976.549
14312,5555.6953
14313,11839.329
14314,5296.02
14315,7530.973
14316,10413.712
14317,3841.7644
14318,5232.336
14319,3922.118
14320,8600.397
14321,11139.668
14322,13166.111
14323,6301.653
14324,6282.8374
14325,6339.513
14326,8033.8667
14327,6225.6943
14328,4540.449
14329,7814.106
14330,1852.893
14331,8263.573
14332,6653.573
14333,9567.896
14334,7237.704
14335,11351.08
14336,6362.7754
14337,17968.06
14338,7162.977
14339,4777.29
14340,4417.1846
14341,5084.794
14342,7985.8433
14343,16602.06
14344,5924.551
14345,6582.5776
14346,12902.241
14347,7976.328
14348,2153.1455
14349,8117.2676
14350,9202.625
14351,3554.0608
14352,6187.587
14353,10965.651
14354,7233.5425
14355,8627.214
14356,6403.659
14357,5561.671
14358,7706.9126
14359,6958.6743
14360,3655.0505
14361,12255.173
14362,10053.94
14363,7266.1396
14364,8364.424
14365,8022.7407
14366,6544.6577
14367,11618.747
14368,6400.8623
14369,11911.182
14370,5107.4214
14371,5475.67
14372,8417.1
14373,7263.188
14374,8791.603
14375,7736.261
14376,9099.087
14377,6489.509
14378,6343.0757
14379,7768.0996
14380,8605.903
14381,10336.951
14382,6705.6504
14383,8468.047
14384,7212.778
14385,7058.195
14386,12366.01
14387,9717.323
14388,8529.263
14389,3302.1584
14390,7860.774
14391,9459.536
14392,6005.903
14393,12322.507
14394,7657.2124
14395,9736.397
14396,13285.427
14397,7957.7563
14398,7116.8457
14399,4449.6885
14400,12006.019
14401,7375.394
14402,10623.611
14403,9573.373
14404,7847.2
14405,8330.983
14406,8219.178
14407,7475.809
14408,8035.1846
14409,8232.005
14410,6525.4966
14411,6225.4746
14412,9834.0
14413,8625.658
14414,11002.559
14415,8186.5366
14416,7339.079
14417,4820.644
14418,8873.232
14419,8394.875
14420,7743.9834
14421,8878.168
14422,7584.0405
14423,10317.754
14424,7080.919
14425,7490.369
14426,7374.5713
14427,7669.397
14428,7848.8843
14429,6082.277
14430,7255.8276
14431,12013.006
14432,6657.7373
14433,7167.262
14434,9697.279
14435,7210.508
14436,9149.23
14437,5500.8135
14438,4865.3013
14439,9541.086
14440,7421.679
14441,9201.703
14442,9235.37
14443,10288.578
14444,6216.343
14445,11218.632
14446,6185.6694
14447,3961.6526
14448,10423.967
14449,13396.915
14450,8853.526
14451,8501.372
14452,6862.586
14453,9182.582
14454,12223.736
14455,8235.491
14456,5750.7417
14457,7079.7573
14458,5485.1475
14459,6167.6826
14460,6182.991
14461,7186.5933
14462,7782.3164
14463,8919.161
14464,5623.813
14465,9004.938
14466,9511.91
14467,4477.385
14468,7196.773
14469,8570.623
14470,6590.4243
14471,6828.2944
14472,11928.224
14473,9011.468
14474,7084.9385
14475,6551.647
14476,14597.925
14477,5737.9316
14478,5365.9683
14479,12166.546
14480,9719.993
14481,9515.84
14482,8249.666
14483,8056.042
14484,10340.926
14485,18705.084
14486,6352.648
14487,7085.3506
14488,5696.595
14489,7725.7314
14490,6166.9
14491,10659.021
14492,12513.853
14493,7358.0107
14494,5845.0195
14495,8407.206
14496,10470.579
14497,6453.6084
14498,9600.979
14499,4748.658
14500,5984.025
14501,11495.6455
14502,8774.245
14503,10433.286
14504,7566.974
14505,4806.0757
14506,7481.1875
14507,6190.952
14508,11037.285
14509,9401.432
14510,7661.2524
14511,8108.9414
14512,5404.906
14513,10718.303
14514,3927.4343
14515,10663.13
14516,6005.868
14517,4951.9614
14518,10070.092
14519,6965.3945
14520,7393.0723
14521,1650.0635
14522,7909.7427
14523,5611.2856
14524,9164.847
14525,10926.24
14526,8641.996
14527,6052.559
14528,6531.8735
14529,7495.551
14530,7271.811
14531,8163.1455
14532,9200.2295
14533,10023.321
14534,12976.298
14535,5667.453
14536,8104.101
14537,8464.243
14538,12004.473
14539,7434.4463
14540,11554.674
14541,8513.048
14542,6833.2983
14543,6383.7354
14544,6983.5024
14545,7460.6226
14546,8316.098
14547,6020.643
14548,6041.6465
14549,11241.918
14550,7189.48
14551,21721.027
14552,5880.1704
14553,6670.66
14554,11502.61
14555,17780.85
14556,9118.313
14557,10414.605
14558,7430.377
14559,13560.172
14560,12781.417
14561,7722.0776
14562,5230.2554
14563,10824.858
14564,12875.394
14565,11385.147
14566,11349.066
14567,12066.873
14568,7226.7153
14569,9069.195
14570,15204.836
14571,14385.838
14572,19405.467
14573,12298.66
14574,7500.5283
14575,8891.6
14576,5355.516
14577,8413.4795
14578,15787.483
14579,14654.238
14580,8769.116
14581,5992.027
14582,3837.5999
14583,11013.425
14584,14675.82
14585,11073.642
14586,8496.89
14587,8338.48
14588,8994.887
14589,4817.0356
14590,13451.546
14591,6997.3174
14592,11298.274
14593,6254.15
14594,9161.499
14595,13121.646
14596,11857.704
14597,10160.131
14598,9063.627
14599,9022.149
14600,12986.413
14601,8812.061
14602,14956.976
14603,10255.581
14604,14293.073
14605,9273.457
14606,14514.503
14607,7441.533
14608,8642.73
14609,9647.049
14610,7991.032
14611,18080.416
14612,11987.277
14613,8188.848
14614,10762.771
14615,9386.075
14616,14132.97
14617,5766.6055
14618,16580.857
14619,6822.8906
14620,5117.2427
14621,13477.217
14622,6120.483
14623,9475.266
14624,10047.767
14625,13491.788
14626,10511.694
14627,7088.284
14628,16731.627
14629,11836.27
14630,11789.008
14631,8491.963
14632,2839.5193
14633,20193.24
14634,9291.783
14635,11638.277
14636,9907.252
14637,2100.0063
14638,9656.567
14639,9689.771
14640,5724.0303
14641,11577.476
14642,8586.292
14643,10952.011
14644,13318.387
14645,6763.1777
14646,8851.373
14647,10213.198
14648,13159.3955
14649,11373.154
14650,7202.837
14651,6949.256
14652,11518.44
14653,8688.693
14654,8919.145
14655,11108.613
14656,9538.738
14657,12110.628
14658,9601.519
14659,6806.959
14660,10219.2
14661,11441.186
14662,10733.228
14663,13478.978
14664,11913.545
14665,8773.969
14666,11682.094
14667,8536.652
14668,10940.433
14669,16091.715
14670,10111.649
14671,14302.264
14672,9371.19
14673,11922.593
14674,9941.461
14675,10156.43
14676,13471.87
14677,12911.695
14678,6556.2666
14679,7227.8394
14680,13319.11
14681,7309.3335
14682,8275.224
14683,12685.561
14684,6176.0537
14685,8737.274
14686,5115.037
14687,8598.913
14688,10768.953
14689,9902.207
14690,11218.396
14691,9186.542
14692,7481.002
14693,9850.615
14694,5869.507
14695,9477.255
14696,9381.6
14697,11779.252
14698,11328.541
14699,9189.863
14700,18176.928
14701,8395.075
14702,7169.341
14703,13570.717
14704,9303.755
14705,12250.463
14706,9654.578
14707,6686.203
14708,9277.906
14709,8739.0
14710,8611.545
14711,17687.334
14712,9503.232
14713,4770.077
14714,6494.958
14715,11535.492
14716,12007.152
14717,9221.437
14718,9253.966
14719,6809.4263
14720,8036.204
14721,4401.601
14722,7477.77
14723,9784.741
14724,10437.785
14725,10518.995
14726,117.45846
14727,8689.265
14728,3422.162
14729,11332.28
14730,7114.5854
14731,13913.232
14732,17195.75
14733,9201.747
14734,8789.934
14735,7823.644
14736,9960.671
14737,6995.983
14738,13446.672
14739,9538.902
14740,15396.349
14741,9749.268
14742,12534.493
14743,11262.093
14744,7458.3315
14745,12059.464
14746,24622.79
14747,13011.457
14748,8443.972
14749,6457.2534
14750,8648.42
14751,13172.542
14752,10235.998
14753,16142.117
14754,22169.342
14755,6873.4736
14756,11706.297
14757,12264.48
14758,7744.116
14759,3337.2312
14760,13608.252
14761,11824.377
14762,6584.92
14763,9087.682
14764,8865.153
14765,5208.33
14766,16761.11
14767,10665.724
14768,8037.5303
14769,7381.017
14770,6105.8647
14771,6486.5073
14772,11734.892
14773,7951.0796
14774,9319.849
14775,10969.93
14776,8626.152
14777,9128.016
14778,952.57635
14779,10255.082
14780,12613.09
14781,10480.32
14782,12143.777
14783,7888.9404
14784,5957.7695
14785,8020.981
14786,9977.586
14787,9007.181
14788,6330.7393
14789,27206.201
14790,8778.857
14791,15669.607
14792,11797.578
14793,9143.717
14794,6465.6724
14795,11027.898
14796,13089.897
14797,8012.8755
14798,10359.82
14799,19996.305
14800,11106.42
14801,8117.461
14802,7158.9883
14803,6487.392
14804,12309.28
14805,5467.544
14806,8391.993
14807,6474.4785
14808,6855.5337
14809,22354.95
14810,18241.705
14811,8075.513
14812,9793.405
14813,7889.9033
14814,9759.5205
14815,7747.3965
14816,15283.302
14817,9571.036
14818,14865.276
14819,6375.3687
14820,9882.422
14821,7201.7856
14822,10211.932
14823,9648.217
14824,9153.411
14825,9761.698
14826,6972.9263
14827,12498.263
14828,11855.183
14829,8047.395
14830,14336.037
14831,9928.195
14832,17415.344
14833,7896.89
14834,6582.0503
14835,9795.582
14836,15967.348
14837,10174.639
14838,12027.405
14839,12882.138
14840,14931.491
14841,6797.311
14842,10239.318
14843,9950.055
14844,6521.782
14845,18046.082
14846,28638.297
14847,11046.479
14848,10828.793
14849,12497.345
14850,12814.58
14851,14559.841
14852,7926.8867
14853,11002.328
14854,8596.01
14855,12962.506
14856,5819.0522
14857,7176.442
14858,8391.809
14859,9328.466
14860,11380.251
14861,7584.294
14862,7785.4644
14863,10527.818
14864,5453.2935
14865,6361.4404
14866,8825.292
14867,9107.223
14868,14589.31
14869,12525.352
14870,11005.329
14871,8754.191
14872,10393.42
14873,16449.4
14874,11100.935
14875,7301.3413
14876,8059.2856
14877,13082.022
14878,6731.392
14879,11399.218
14880,5310.1733
14881,7602.8716
14882,14288.044
14883,7944.7725
14884,10018.064
14885,13204.681
14886,13807.782
14887,16398.07
14888,10012.209
14889,13815.198
14890,4855.959
14891,7712.8247
14892,9408.841
14893,6576.34
14894,11108.6875
14895,6946.36
14896,8011.538
14897,11820.927
14898,17359.691
14899,13644.667
14900,8143.2456
14901,6059.5312
14902,11800.358
14903,11463.784
14904,7856.112
14905,8931.692
14906,11105.976
14907,16661.21
14908,7138.1104
14909,9646.469
14910,13215.68
14911,11655.028
14912,15186.633
14913,8770.689
14914,17098.104
14915,8731.427
14916,7758.185
14917,4672.5874
14918,7738.4087
14919,10268.657
14920,8133.3096
14921,9964.329
14922,7402.499
14923,7121.694
14924,11710.675
14925,6607.954
14926,11007.135
14927,10311.871
14928,12088.529
14929,20038.38
14930,8849.213
14931,13975.594
14932,6136.0024
14933,8312.878
14934,8245.293
14935,8814.97
14936,16705.684
14937,11557.011
14938,7871.8706
14939,9351.324
14940,14602.158
14941,11791.65
14942,10407.913
14943,12048.094
14944,2643.6736
14945,7094.2295
14946,11310.264
14947,9718.853
14948,10528.842
14949,11538.012
14950,9701.747
14951,9095.738
14952,6237.249
14953,7926.1533
14954,12719.664
14955,13835.294
14956,14485.047
14957,18675.014
14958,7552.69
14959,8810.893
14960,7342.636
14961,13837.062
14962,17051.123
14963,12180.211
14964,11821.49
14965,10963.716
14966,9124.133
14967,6003.325
14968,14302.769
14969,10554.621
14970,10507.294
14971,9280.278
14972,6096.763
14973,6522.8647
14974,8383.305
14975,11392.208
14976,5492.273
14977,5138.275
14978,11323.723
14979,13497.631
14980,10994.827
14981,7283.542
14982,7985.1426
14983,6298.8584
14984,463.16794
14985,10036.656
14986,27878.162
14987,6972.9795
14988,6841.561
14989,9555.402
14990,7407.8247
14991,7121.0215
14992,7304.5806
14993,6041.468
14994,10610.599
14995,10653.727
14996,6941.982
14997,14255.022
14998,8687.591
14999,8776.882
15000,14001.275
15001,12066.125
15002,13211.723
15003,8503.156
15004,9205.864
15005,7083.5464
15006,7263.7837
15007,17704.38
15008,17794.404
15009,8748.357
15010,7356.383
15011,8037.9365
15012,9703.432
15013,6566.399
15014,12140.338
15015,8369.786
15016,8640.653
15017,10299.29
15018,6799.756
15019,10317.725
15020,11724.991
15021,11775.32
15022,11650.005
15023,6605.2573
15024,7976.9746
15025,12119.618
15026,13559.927
15027,11925.937
15028,10484.88
15029,6611.611
15030,10060.108
15031,7373.6284
15032,6198.273
15033,10849.831
15034,10387.533
15035,8364.623
15036,9986.249
15037,11338.215
15038,8091.5347
15039,9858.182
15040,4565.526
15041,10080.509
15042,12605.382
15043,11361.564
15044,8257.538
15045,6516.8633
15046,15229.407
15047,8232.437
15048,6532.6025
15049,10183.638
15050,10725.491
15051,14408.494
15052,6713.855
15053,8731.276
15054,7750.028
15055,10465.228
15056,8294.567
15057,13911.309
15058,5340.7173
15059,921.7785
15060,10340.442
15061,9134.651
15062,7684.4663
15063,9205.18
15064,14565.243
15065,3172.855
15066,12884.816
15067,12192.415
15068,14076.779
15069,7388.222
15070,9593.674
15071,9163.562
15072,12590.038
15073,8959.404
15074,6359.8267
15075,11076.282
15076,7756.4688
15077,11239.666
15078,7606.041
15079,6616.096
15080,14385.509
15081,10744.72
15082,13182.949
15083,11020.297
15084,8149.539
15085,13608.966
15086,9399.8
15087,12934.979
15088,12288.694
15089,10427.099
15090,12399.857
15091,16621.645
15092,11543.537
15093,7830.169
15094,9049.158
15095,6117.938
15096,5013.109
15097,12580.268
15098,8560.738
15099,12178.48
15100,6696.261
15101,9215.353
15102,9190.424
15103,11992.24
15104,8545.165
15105,7246.4907
15106,9212.769
15107,10406.086
15108,6711.6523
15109,7580.5547
15110,11873.174
15111,10517.762
15112,10285.654
15113,9818.695
15114,8200.791
15115,6281.088
15116,7213.101
15117,14269.863
15118,12965.065
15119,10166.528
15120,16303.864
15121,8162.141
15122,10886.733
15123,10420.775
15124,11727.8545
15125,15133.599
15126,11100.161
15127,12193.893
15128,11925.346
15129,175.57465
15130,11179.475
15131,8300.519
15132,8000.046
15133,7139.867
15134,6584.267
15135,7253.973
15136,13271.129
15137,24478.605
15138,11590.391
15139,7485.5415
15140,9717.286
15141,7146.6807
15142,8299.561
15143,6453.159
15144,13258.832
15145,9773.633
15146,9435.0
15147,16697.623
15148,14987.534
15149,8351.358
15150,10472.767
15151,5367.4526
15152,5853.031
15153,8503.107
15154,11671.559
15155,8020.9424
15156,6692.328
15157,7982.051
15158,8579.015
15159,9629.307
15160,9598.012
15161,4381.2217
15162,10879.177
15163,11542.437
15164,9551.83
15165,8253.003
15166,8368.055
15167,11475.14
15168,6909.4683
15169,14700.125
15170,6683.5312
15171,8463.605
15172,9363.587
15173,8400.922
15174,5019.937
15175,9411.255
15176,6389.62
15177,14214.769
15178,13444.133
15179,9365.319
15180,6571.75
15181,7692.5625
15182,10081.47
15183,7306.35
15184,9732.452
15185,8566.39
15186,16040.781
15187,12826.111
15188,8209.627
15189,10626.58
15190,7139.0503
15191,12221.545
15192,7685.866
15193,19022.652
15194,8544.603
15195,12316.655
15196,6721.063
15197,6554.247
15198,9868.699
15199,26599.984
15200,6004.522
15201,5703.5166
15202,15123.686
15203,8667.652
15204,1654.4253
15205,11196.334
15206,9693.552
15207,6702.5234
15208,8077.2544
15209,15355.127
15210,8453.473
15211,4853.5044
15212,10784.669
15213,6995.863
15214,11016.955
15215,4253.1772
15216,5712.827
15217,13388.739
15218,10774.994
15219,7237.028
15220,10797.822
15221,8934.938
15222,4747.1274
15223,14104.584
15224,10248.18
15225,4653.794
15226,6841.4175
15227,5546.3076
15228,10088.578
15229,6960.7656
15230,12273.175
15231,5269.4595
15232,7398.3486
15233,7042.4995
15234,10011.923
15235,7530.736
15236,9359.087
15237,12496.01
15238,11186.983
15239,10644.494
15240,5235.062
15241,8652.982
15242,11997.399
15243,14553.065
15244,9663.173
15245,5012.9937
15246,10211.493
15247,10941.644
15248,7739.922
15249,18467.256
15250,9969.737
15251,10626.772
15252,14264.706
15253,9123.759
15254,7756.698
15255,22683.736
15256,15366.114
15257,7596.913
15258,13188.117
15259,13870.583
15260,9171.413
15261,8505.744
15262,4778.5933
15263,8640.596
15264,9334.589
15265,8712.925
15266,7491.027
15267,10031.287
15268,10021.725
15269,10392.558
15270,10654.377
15271,9787.774
15272,11519.957
15273,9300.801
15274,12860.507
15275,10654.377
15276,8866.456
15277,7958.857
15278,12438.234
15279,12537.052
15280,8983.132
15281,8018.9
15282,9329.516
15283,9171.589
15284,11019.971
15285,6356.5576
15286,8293.761
15287,12349.379
15288,9978.823
15289,9731.969
15290,13373.681
15291,10532.458
15292,10027.279
15293,7488.762
15294,5158.399
15295,9834.835
15296,9203.591
15297,10192.947
15298,13198.549
15299,13143.014
15300,6702.5234
15301,11781.701
15302,6789.3154
15303,4192.9297
15304,11159.469
15305,14646.596
15306,11639.832
15307,10917.137
15308,8768.146
15309,9967.855
15310,13394.717
15311,10856.591
15312,16173.538
15313,6020.7236
15314,5454.9897
15315,7376.7026
15316,8775.693
15317,7974.1143
15318,10311.123
15319,8951.358
15320,5623.4805
15321,10088.8
15322,11209.958
15323,8480.453
15324,9474.606
15325,10473.246
15326,7817.602
15327,6804.849
15328,8311.372
15329,9521.868
15330,8261.887
15331,5341.3135
15332,17302.139
15333,9380.615
15334,9984.84
15335,17065.635
15336,9662.021
15337,12060.832
15338,8885.546
15339,9733.203
15340,15430.086
15341,24356.068
15342,8473.63
15343,7407.1675
15344,6920.608
15345,9168.178
15346,8732.401
15347,12328.996
15348,13838.487
15349,8613.277
15350,5504.792
15351,10958.447
15352,13296.366
15353,6574.3267
15354,11811.641
15355,5738.0737
15356,10554.229
15357,15722.841
15358,8322.533
15359,13098.34
15360,7006.5806
15361,6707.4863
15362,8687.068
15363,9364.659
15364,11234.093
15365,8839.461
15366,11866.303
15367,8681.097
15368,7071.618
15369,13504.804
15370,6984.735
15371,14137.702
15372,8729.22
15373,6938.3345
15374,11957.782
15375,10703.888
15376,7609.5605
15377,16636.473
15378,9785.395
15379,7394.6377
15380,12482.431
15381,14040.644
15382,12484.467
15383,7128.5986
15384,9115.174
15385,8795.074
15386,11727.933
15387,7074.5933
15388,13554.393
15389,13092.882
15390,15603.616
15391,7488.0693
15392,10911.994
15393,11600.51
15394,8272.201
15395,9867.72
15396,13173.07
15397,9720.93
15398,8592.871
15399,8825.604
15400,5377.0044
15401,7264.6772
15402,10461.386
15403,7394.017
15404,7264.0884
15405,13205.059
15406,8642.0625
15407,27860.832
15408,9669.793
15409,1.0189898
15410,0.009529461
15411,0.33424786
15412,0.13086958
15413,0.029994827
15414,0.99232817
15415,0.17680568
15416,0.0
15417,0.0
15418,0.0
15419,0.0
15420,0.0
15421,0.026420914
15422,0.0
15423,0.0
15424,0.055175282
15425,0.0
15426,0.09321271
15427,0.008216563
15428,0.022101352
15429,0.06653609
15430,0.0
15431,0.040021878
15432,0.0
15433,0.20571859
15434,0.0
15435,0.03729305
15436,0.045986764
15437,0.0544065
15438,0.0
15439,0.0
15440,0.0
15441,0.0
15442,0.0
15443,0.0
15444,0.0
15445,0.0
15446,0.0015072909
15447,0.0
15448,0.0
15449,0.0
15450,0.43902212
15451,0.16352944
15452,0.0
15453,0.005100109
15454,0.0
15455,0.0
15456,0.0
15457,0.03733314
15458,0.0
15459,0.0
15460,0.0
15461,1.2388442
15462,0.0
15463,0.0
15464,0.0
15465,0.024754744
15466,0.26703748
15467,0.0
15468,0.1354914
15469,0.0
15470,0.0
15471,0.0
15472,0.0
15473,0.0
15474,0.06378262
15475,0.080759436
15476,0.0
15477,0.039963447
15478,0.0
15479,0.0
15480,0.0
15481,0.0
15482,0.04585953
15483,0.0
15484,0.0
15485,0.0
15486,0.0311308
15487,0.0
15488,0.94270456
15489,0.01021777
15490,0.0
15491,0.45790985
15492,0.1463452
15493,0.85932803
15494,0.0
15495,0.3473989
15496,0.0
15497,0.044163693
15498,0.0
15499,0.09463233
15500,4465.1226
15501,0.0
15502,0.0
15503,0.0
15504,0.15980865
15505,0.11622424
15506,0.0
15507,0.0
15508,0.018514737
15509,0.16831467
15510,0.029690653
15511,0.0
15512,0.0
15513,0.40481156
15514,0.0
15515,0.0
15516,0.0
15517,0.0
15518,0.0
15519,0.0
15520,0.0
15521,0.0
15522,0.0
15523,0.0
15524,0.5070282
15525,1.1042686
15526,0.0
15527,0.037529513
15528,0.017750936
15529,0.0071033314
15530,1.049876
15531,0.007678631
15532,0.15019123
15533,0.067370705
15534,0.0
15535,0.0
15536,0.0
15537,0.0
15538,0.0
15539,0.0
15540,0.13100661
15541,0.0
15542,0.0
15543,0.0
15544,0.0
15545,0.020246785
15546,0.0
15547,0.08883933
15548,1.3060966
15549,0.013465043
15550,0.20040433
15551,0.0
15552,0.045584414
15553,0.017317226
15554,0.20534283
15555,0.05775581
15556,0.07808745
15557,0.0
15558,0.042802364
15559,0.0
15560,0.05835079
15561,0.037165135
15562,0.0062076757
15563,0.0
15564,1.8083277
15565,0.0
15566,0.0
15567,0.078263216
15568,773.75946
15569,0.0
15570,0.0
15571,0.028002113
15572,0.05239204
15573,0.0
15574,0.0
15575,0.0
15576,0.0
15577,0.23557627
15578,0.050752822
15579,0.2216712
15580,0.037230328
15581,0.98459005
15582,0.0
15583,0.0
15584,0.027269686
15585,0.16435246
15586,0.34691152
15587,0.99672866
15588,0.0
15589,0.202808
15590,0.0
15591,0.0
15592,0.005964315
15593,0.05885706
15594,0.098513044
15595,0.04251662
15596,0.98651934
15597,0.14014722
15598,0.01916896
15599,0.034414284
15600,0.03621569
15601,0.21223144
15602,0.010582953
15603,0.0
15604,0.017327683
15605,0.018826978
15606,0.04750402
15607,0.0
15608,0.057964176
15609,23369.568
15610,30286.172
15611,0.052809786
15612,0.17796369
15613,0.08457235
15614,1.133779
15615,0.3336305
15616,0.41199067
15617,0.062085103
15618,7471.824
15619,0.0
15620,0.0
15621,0.0
15622,0.049409848
15623,0.02540604
15624,0.64780545
15625,0.0056617456
15626,0.016305111
15627,0.655125
15628,0.0
15629,0.0
15630,1.1187243
15631,0.0001324968
15632,1.2221179
15633,0.033455342
15634,0.23852272
15635,0.0
15636,0.0
15637,2530.662
15638,0.0
15639,0.040667478
15640,0.113299266
15641,0.0
15642,1.2704444
15643,0.20392995
15644,0.29287088
15645,0.58989453
15646,0.0
15647,2705.515
15648,1.0931759
15649,1.1107883
15650,0.0
15651,0.39844117
15652,0.0
15653,0.0
15654,0.009472362
15655,0.25423753
15656,0.10394483
15657,0.059399664
15658,0.0
15659,0.0
15660,0.040612493
15661,0.0
15662,0.17543769
15663,0.0
15664,0.0
15665,8374.059
15666,1.3225479
15667,0.15370128
15668,0.20966943
15669,0.16236208
15670,0.0
15671,0.0
15672,0.049196206
15673,0.093416356
15674,0.08585138
15675,0.0034463673
15676,0.008956243
15677,0.0049209027
15678,0.0
15679,0.101044096
15680,0.031104237
15681,0.01808166
15682,8621.11
15683,0.0020120374
15684,0.2091129
15685,0.0
15686,0.09424505
15687,0.0
15688,0.97872114
15689,0.030262966
15690,0.0
15691,0.09191661
15692,0.0
15693,1.1712012
15694,0.0
15695,0.030355956
15696,0.0001763747
15697,0.0
15698,0.0
15699,0.10709049
15700,1.2277942
15701,0.19232473
15702,1.0464666
15703,0.0
15704,0.0
15705,0.08327444
15706,0.0
15707,0.6740576
15708,0.1351099
15709,0.0
15710,0.0
15711,1.1353335
15712,0.104089215
15713,0.0
15714,0.0
15715,0.037923567
15716,0.08020154
15717,0.041257203
15718,0.0
15719,0.027964672
15720,0.0
15721,0.0
15722,0.1691695
15723,0.0
15724,1.2457864
15725,0.0
15726,0.012045545
15727,0.17344953
15728,0.0
15729,0.16053855
15730,0.0
15731,0.056195814
15732,0.0
15733,0.13264303
15734,0.0
15735,0.0
15736,0.0
15737,0.0
15738,0.0
15739,0.09508759
15740,0.0
15741,0.00636534
15742,0.0
15743,0.37917355
15744,904.2139
15745,0.0
15746,0.0
15747,0.0
15748,0.0
15749,0.0
15750,0.042042904
15751,0.028902765
15752,0.13323236
15753,0.0015980597
15754,0.28716463
15755,0.016962541
15756,0.25396612
15757,0.0
15758,5404.292
15759,0.0
15760,0.0
15761,0.0
15762,1.2240965
15763,0.08162145
15764,0.0
15765,0.0
15766,1.262511
15767,0.037260134
15768,0.09204037
15769,0.09325501
15770,0.04196192
15771,0.0
15772,0.009198929
15773,0.0
15774,0.0
15775,0.007917081
15776,0.07261495
15777,0.32416233
15778,0.0
15779,0.15085961
15780,0.16253571
15781,0.0
15782,0.07964161
15783,0.0
15784,1.0498116
15785,0.2693314
15786,0.0
15787,0.960237
15788,0.1276406
15789,0.018255673
15790,0.0
15791,0.020733004
15792,0.29909715
15793,1.1325586
15794,0.025710221
15795,0.026275504
15796,0.068878435
15797,0.102556966
15798,0.16770343
15799,0.047618095
15800,0.76761127
15801,7369.22
15802,0.07483484
15803,0.0
15804,0.0
15805,0.92349136
15806,0.0
15807,0.0
15808,0.0
15809,0.081402294
15810,0.0
15811,1784.6161
15812,0.0
15813,0.0145059675
15814,0.16980213
15815,4936.069
15816,0.0
15817,0.04346355
15818,0.038941532
15819,0.0
15820,0.036356967
15821,0.0
15822,0.0
15823,0.0
15824,0.10615191
15825,0.09213208
15826,0.050234146
15827,0.10000182
15828,0.83881176
15829,0.004962141
15830,0.0
15831,2.0591512
15832,0.0
15833,0.69419944
15834,0.2785691
15835,0.21826795
15836,0.0
15837,0.024590174
15838,0.0
15839,0.0
15840,0.0
15841,0.0
15842,27985.463
15843,0.0
15844,0.0
15845,0.054726835
15846,0.0
15847,0.018245114
15848,0.14290638
15849,0.086380355
15850,0.0
15851,0.0
15852,0.0
15853,0.0100802565
15854,0.0
15855,0.0
15856,6917.493
15857,0.0
15858,0.06705762
15859,0.05912106
15860,0.89117014
15861,0.049829457
15862,0.0
15863,0.08809936
15864,0.0
15865,0.0
15866,0.35758504
15867,0.0
15868,0.0
15869,0.0
15870,0.16851206
15871,0.121225275
15872,0.0
15873,0.0
15874,0.14976482
15875,0.33153996
15876,0.014186575
15877,0.051221766
15878,0.0
15879,0.0
15880,0.0003865509
15881,0.0
15882,1.2181711
15883,0.0
15884,1.1560867
15885,0.0
15886,0.07747066
15887,0.0
15888,0.0
15889,0.0
15890,0.059807036
15891,0.0
15892,1.8800066
15893,1.0002222
15894,0.0
15895,0.0
15896,0.0
15897,0.06441969
15898,0.008960531
15899,0.0
15900,0.0
15901,0.0
15902,0.027330643
15903,0.0
15904,0.0
15905,0.0
15906,0.0
15907,0.13915959
15908,0.0
15909,0.18298423
15910,0.09120144
15911,0.0
15912,0.01413989
15913,0.15759774
15914,0.0
15915,0.0
15916,0.0
15917,1.1618176
15918,0.0
15919,1.5723832
15920,1.2632453
15921,0.2354639
15922,0.11640789
15923,0.02234264
15924,0.085703835
15925,0.012096412
15926,0.036122337
15927,0.0
15928,0.04901685
15929,0.0
15930,0.0
15931,18827.686
15932,0.0
15933,0.0
15934,0.013222261
15935,0.16619414
15936,0.0
15937,0.0
15938,0.06481348
15939,1.0369036
15940,0.0
15941,0.0
15942,0.0
15943,0.12576544
15944,0.045507405
15945,0.052694857
15946,0.0
15947,0.0
15948,0.30041406
15949,0.17999561
15950,0.0013462806
15951,0.0
15952,0.019718627
15953,0.30177802
15954,0.024970392
15955,0.025833441
15956,0.0
15957,0.1049241
15958,0.0
15959,0.0
15960,0.038177967
15961,0.0
15962,0.0
15963,1.3016279
15964,0.0
15965,0.068377025
15966,0.069106765
15967,1.2438405
15968,0.13208961
15969,0.0
15970,0.0
15971,0.95106506
15972,0.0
15973,0.04433095
15974,0.0
15975,4742.588
15976,14274.028
15977,0.0
15978,0.0
15979,0.052607052
15980,0.0
15981,0.013242162
15982,1.5390694
15983,1.2513044
15984,0.0
15985,0.0
15986,0.1695455
15987,0.0
15988,0.0
15989,0.0
15990,0.0011536981
15991,0.0064912224
15992,0.0
15993,0.03575892
15994,0.0387296
15995,0.010717117
15996,0.006457447
15997,0.1201299
15998,0.017376304
15999,0.0
16000,0.0
16001,0.0
16002,0.0010375069
16003,0.12737511
16004,2856.4924
16005,0.13796303
16006,0.062343962
16007,0.048259508
16008,0.9354582
16009,0.21842843
16010,0.0
16011,0.0
16012,0.0
16013,0.0
16014,0.068596326
16015,0.012627291
16016,0.05577418
16017,0.017033637
16018,1.1748707
16019,0.50162756
16020,0.0
16021,0.0
16022,0.0
16023,0.059346665
16024,0.0713872
16025,0.0768324
16026,0.0
16027,0.17844865
16028,0.0
16029,0.0
16030,0.0
16031,0.026510285
16032,0.0
16033,1.2295136
16034,0.0
16035,0.18254948
16036,0.07480671
16037,0.0
16038,0.0
16039,0.0
16040,0.13194968
16041,0.016892513
16042,0.09777808
16043,0.06617978
16044,0.0
16045,0.0
16046,0.07310927
16047,0.044845883
16048,1.0388596
16049,0.02487533
16050,0.098830394
16051,0.0
16052,0.0
16053,1.2364843
16054,1.210726
16055,0.0
16056,0.0
16057,0.0
16058,0.0053134467
16059,0.0
16060,0.13861613
16061,1.2204466
16062,0.0
16063,0.0
16064,0.18897943
16065,0.0
16066,0.0
16067,0.0
16068,0.061324134
16069,0.0
16070,0.0
16071,0.0
16072,0.033554498
16073,0.18270668
16074,288.495
16075,0.047820147
16076,0.038047135
16077,0.21385583
16078,1306.8169
16079,0.2502281
16080,1.3674066
16081,0.10779425
16082,0.85620224
16083,0.09213292
16084,0.95533836
16085,0.0
16086,0.046574455
16087,0.12503389
16088,0.040889334
16089,0.0
16090,0.0
16091,0.06284339
16092,0.0
16093,0.0
16094,0.0
16095,0.0
16096,0.0
16097,0.0
16098,0.0
16099,0.0
16100,0.15130031
16101,0.0
16102,0.0
16103,0.07200691
16104,0.20508227
16105,0.072852224
16106,0.010998384
16107,0.12300335
16108,1.6502218
16109,0.0
16110,0.29105937
16111,1.0336792
16112,0.0
16113,0.0
16114,0.0
16115,0.0
16116,0.12395479
16117,0.0
16118,0.0
16119,0.028055767
16120,0.22562389
16121,0.0066768536
16122,0.012015725
16123,0.16943988
16124,0.0
16125,0.0
16126,0.034849357
16127,0.37719572
16128,0.1198826
16129,1522.2076
16130,0.0029403495
16131,0.0
16132,0.24919522
16133,0.0
16134,0.6078286
16135,1.2061603
16136,0.0
16137,0.12012933
16138,0.15549162
16139,0.1113016
16140,1.1484864
16141,0.20046237
16142,0.523769
16143,0.045245767
16144,9311.958
16145,0.0
16146,0.0
16147,0.31889653
16148,0.0
16149,0.0
16150,0.0
16151,0.1407059
16152,0.0
16153,0.0
16154,0.027526392
16155,0.99681365
16156,0.013706283
16157,0.067229085
16158,0.025431681
16159,0.0
16160,0.0
16161,0.27361292
16162,0.0
16163,0.0
16164,0.0
16165,0.0
16166,0.06932103
16167,0.00038485928
16168,0.0
16169,0.0
16170,0.0
16171,0.05691265
16172,0.12225718
16173,0.0
16174,0.0
16175,0.061121773
16176,0.0
16177,0.0
16178,0.0
16179,0.0
16180,0.005636898
16181,0.21051882
16182,0.11072537
16183,0.08802644
16184,0.0
16185,0.2155877
16186,0.0
16187,0.18568991
16188,0.0
16189,0.0
16190,0.0
16191,0.0
16192,0.9394585
16193,0.0
16194,0.063630424
16195,0.0
16196,0.04545601
16197,0.19142337
16198,0.0
16199,0.0
16200,0.0
16201,0.0
16202,0.0365282
16203,0.0
16204,0.0
16205,0.0
16206,0.0
16207,0.0
16208,5847.9805
16209,0.09201077
16210,0.09845266
16211,0.086584166
16212,0.17501286
16213,0.028182209
16214,0.0
16215,1.2385802
16216,0.0
16217,0.0
16218,0.0
16219,0.0
16220,0.13278349
16221,0.0
16222,0.0
16223,0.042900864
16224,0.0
16225,0.0
16226,0.04545818
16227,0.0
16228,0.0
16229,0.0014845455
16230,1.0630455
16231,0.0
16232,0.0
16233,0.09394023
16234,0.0
16235,0.0201634
16236,0.0
16237,0.11346342
16238,0.1282952
16239,0.17118841
16240,0.012843957
16241,0.14067948
16242,1.0174539
16243,0.0
16244,0.0
16245,0.003605755
16246,0.08026537
16247,0.0
16248,0.0
16249,11675.645
16250,1309.3506
16251,0.037756044
16252,0.0
16253,0.02126582
16254,0.3137437
16255,0.17370786
16256,0.09424187
16257,0.0
16258,0.0
16259,0.0
16260,0.0
16261,0.0
16262,0.0
16263,0.0
16264,0.16488531
16265,5335.1016
16266,4193.3496
16267,7886.8413
16268,3684.8745
16269,6673.5176
16270,5707.7886
16271,6380.15
16272,6494.704
16273,4608.919
16274,3656.1665
16275,6646.5195
16276,5570.973
16277,4803.175
16278,5727.9956
16279,6794.958
16280,3559.3572
16281,5114.271
16282,7411.5493
16283,8831.102
16284,7576.7095
16285,7855.3926
16286,3723.368
16287,6893.7417
16288,2135.1685
16289,8745.9795
16290,9121.636
16291,9193.931
16292,6337.016
16293,3103.6672
16294,4178.8906
16295,6750.971
16296,7422.0615
16297,4564.6416
16298,5615.1514
16299,4862.165
16300,6450.7837
16301,2698.0413
16302,7630.1646
16303,4618.2793
16304,7389.773
16305,7412.8286
16306,4270.023
16307,11279.776
16308,6542.7607
16309,5777.969
16310,3527.556
16311,8099.967
16312,11444.743
16313,6465.117
16314,5934.68
16315,7959.4263
16316,8469.355
16317,7178.27
16318,6424.6685
16319,2681.4004
16320,3416.708
16321,4639.619
16322,7018.0645
16323,9176.086
16324,9823.734
16325,3727.213
16326,8175.2456
16327,6715.5845
16328,5745.983
16329,2833.9119
16330,12260.621
16331,3471.5256
16332,3409.405
16333,7974.1826
16334,3537.2505
16335,6016.9575
16336,3087.1897
16337,5692.478
16338,5982.5522
16339,6088.6504
16340,9500.632
16341,6818.369
16342,5168.0522
16343,3516.123
16344,7239.2783
16345,13175.57
16346,5167.5444
16347,4009.8623
16348,7921.573
16349,5335.4985
16350,6852.9707
16351,7099.726
16352,2513.362
16353,7684.1294
16354,5273.98
16355,9293.574
16356,8169.6104
16357,2784.7288
16358,5444.328
16359,5704.452
16360,9559.6045
16361,6135.9966
16362,5051.2974
16363,4880.137
16364,7985.5767
16365,8021.784
16366,5115.3833
16367,4433.8716
16368,4237.7437
16369,8580.774
16370,5472.9443
16371,3265.809
16372,5315.7124
16373,5552.2573
16374,7500.6143
16375,7723.948
16376,7650.956
16377,4352.4175
16378,9158.214
16379,2907.3794
16380,6216.562
16381,10109.808
16382,7242.338
16383,7412.3833
16384,9034.007
16385,6955.1045
16386,6088.412
16387,6802.046
16388,10129.227
16389,4097.4814
16390,2692.477
16391,5702.0044
16392,4702.1865
16393,5199.2812
16394,2974.1343
16395,5177.0513
16396,6664.2944
16397,4894.7246
16398,5669.238
16399,2736.489
16400,6189.5293
16401,6691.0386
16402,3735.0361
16403,7268.864
16404,8811.347
16405,5597.59
16406,2816.0989
16407,4421.4883
16408,5643.685
16409,7866.2715
16410,5168.1704
16411,4896.551
16412,12488.099
16413,3706.1636
16414,4871.8955
16415,10092.745
16416,6189.299
16417,9706.032
16418,6251.6987
16419,6025.613
16420,7904.5386
16421,3097.5295
16422,6049.5176
16423,6336.4
16424,5377.748
16425,3320.043
16426,3681.175
16427,8473.476
16428,9944.647
16429,6591.399
16430,5871.758
16431,4476.018
16432,2594.8606
16433,2017.2379
16434,3237.6582
16435,6379.779
16436,7677.587
16437,6655.1406
16438,729.2595
16439,8194.2
16440,8121.38
16441,7852.0967
16442,5197.615
16443,9357.828
16444,9006.896
16445,6084.122
16446,5653.281
16447,5403.684
16448,7195.4004
16449,4286.404
16450,5204.2036
16451,6013.2915
16452,10610.983
16453,6812.0117
16454,9646.699
16455,7603.002
16456,5468.5923
16457,10707.523
16458,17528.807
16459,7973.6963
16460,4656.0586
16461,4871.5566
16462,7175.3745
16463,7508.4805
16464,4230.486
16465,12653.551
16466,15402.87
16467,5212.674
16468,3030.166
16469,11724.868
16470,4382.0576
16471,9197.001
16472,5399.794
16473,5882.42
16474,7540.115
16475,5918.4507
16476,4991.9126
16477,5572.509
16478,10869.614
16479,7429.3
16480,6852.147
16481,6704.1797
16482,6261.3545
16483,6121.2363
16484,8171.4805
16485,5706.7
16486,6675.16
16487,3952.8496
16488,4826.2065
16489,5016.7344
16490,7506.3896
16491,4970.7114
16492,7740.291
16493,8402.084
16494,7272.0054
16495,5319.3286
16496,6120.711
16497,3668.457
16498,6137.928
16499,8093.5186
16500,2482.806
16501,9014.116
16502,4877.182
16503,8376.862
16504,7612.29
16505,5453.9595
16506,2962.1072
16507,3543.5154
16508,8694.223
16509,6526.275
16510,6038.3857
16511,13881.925
16512,8367.8545
16513,5603.028
16514,6209.4805
16515,2636.7732
16516,4571.81
16517,4488.991
16518,4175.368
16519,8462.145
16520,5019.8223
16521,8230.592
16522,14178.671
16523,7797.369
16524,7242.2686
16525,5018.1274
16526,5386.845
16527,5207.391
16528,12634.075
16529,6989.7466
16530,8979.38
16531,3692.8591
16532,5743.1826
16533,6714.9375
16534,6062.0347
16535,7563.691
16536,4977.335
16537,7661.377
16538,5578.5825
16539,8945.444
16540,6989.693
16541,6423.651
16542,7671.336
16543,7026.1284
16544,9072.985
16545,4113.471
16546,4736.787
16547,5695.5522
16548,9091.791
16549,8711.57
16550,6803.5576
16551,8549.38
16552,8587.111
16553,5339.3423
16554,7572.7935
16555,6817.5435
16556,4369.1646
16557,11322.006
16558,19854.426
16559,6714.566
16560,7270.493
16561,8143.121
16562,7567.8545
16563,8976.948
16564,3423.7
16565,4082.1804
16566,6204.732
16567,10181.832
16568,3060.3882
16569,4703.1777
16570,6241.242
16571,4427.583
16572,4445.777
16573,3618.9475
16574,3055.802
16575,7344.5835
16576,3230.7224
16577,4563.501
16578,7069.4937
16579,5824.7163
16580,11255.21
16581,10878.544
16582,6998.312
16583,8441.218
16584,6296.119
16585,10604.832
16586,5235.197
16587,3212.5037
16588,5629.3247
16589,14512.302
16590,4252.5566
16591,7571.739
16592,2268.5967
16593,3199.3406
16594,7289.8877
16595,6316.818
16596,5721.492
16597,8556.975
16598,8646.465
16599,7466.2104
16600,5783.698
16601,8800.915
16602,1796.0029
16603,4268.455
16604,6289.1387
16605,5021.948
16606,9836.917
16607,2850.3228
16608,5983.334
16609,6897.7734
16610,14963.125
16611,10536.9795
16612,7299.8584
16613,3928.221
16614,8476.104
16615,10027.012
16616,5086.608
16617,5822.5166
16618,9662.998
16619,6704.768
16620,5596.116
16621,3541.5723
16622,9688.598
16623,4835.2656
16624,12971.695
16625,9031.508
16626,14094.956
16627,6429.8916
16628,5751.6196
16629,2164.2449
16630,5491.6963
16631,6842.8403
16632,6096.4546
16633,10250.623
16634,6241.546
16635,2907.7817
16636,8133.876
16637,4159.832
16638,6787.6387
16639,7363.789
16640,5793.576
16641,8361.257
16642,4842.452
16643,9720.726
16644,6481.541
16645,5670.4546
16646,7046.3496
16647,3982.8835
16648,14122.824
16649,6817.1665
16650,3632.686
16651,4062.067
16652,8715.834
16653,6131.1406
16654,6191.058
16655,5720.1064
16656,5159.3096
16657,5892.197
16658,6459.1387
16659,8770.882
16660,4461.308
16661,5968.0757
16662,6882.9336
16663,6580.299
16664,3615.559
16665,5522.494
16666,9947.113
16667,9365.802
16668,11198.523
16669,7650.2773
16670,9440.419
16671,6636.3525
16672,4430.156
16673,11068.183
16674,8360.683
16675,5853.539
16676,4761.762
16677,6493.5273
16678,5463.8735
16679,2438.3855
16680,9377.297
16681,7213.2183
16682,6725.1353
16683,5272.139
16684,1981.3223
16685,7399.1953
16686,5526.004
16687,1867.6025
16688,3215.4624
16689,6559.582
16690,6285.193
16691,6149.584
16692,10187.019
16693,4702.5454
16694,5352.8555
16695,3339.7695
16696,573.1748
16697,5016.6387
16698,15765.906
16699,3527.0747
16700,5827.862
16701,5942.2593
16702,3835.5356
16703,3912.242
16704,7000.9023
16705,3094.8743
16706,8546.281
16707,5158.96
16708,3009.8433
16709,7889.6704
16710,2531.418
16711,4564.868
16712,10250.829
16713,6257.33
16714,9837.677
16715,2756.4417
16716,6913.496
16717,5863.363
16718,5198.5273
16719,17011.197
16720,12397.8
16721,5950.983
16722,3676.069
16723,6326.6587
16724,4765.402
16725,2534.73
16726,6547.043
16727,5036.4937
16728,5200.432
16729,7188.6504
16730,6763.1846
16731,6156.8496
16732,5668.2427
16733,6856.5996
16734,6643.566
16735,3185.0188
16736,4978.484
16737,8126.9746
16738,9483.068
16739,6333.747
16740,8566.455
16741,2238.7668
16742,8885.58
16743,4862.165
16744,3355.4111
16745,4675.985
16746,5683.9326
16747,4236.822
16748,8468.927
16749,5892.9385
16750,5394.6973
16751,5654.478
16752,6477.302
16753,8844.977
16754,6063.0005
16755,6407.5205
16756,6467.3374
16757,2487.173
16758,9806.21
16759,4444.2544
16760,3845.372
16761,6561.4277
16762,10458.892
16763,10622.699
16764,4387.6626
16765,5275.434
16766,4961.725
16767,6401.9673
16768,5420.1304
16769,9651.31
16770,2792.144
16771,5085.599
16772,3782.5918
16773,4572.202
16774,2563.4302
16775,8441.025
16776,8014.2817
16777,3938.2463
16778,4592.256
16779,8568.956
16780,8951.785
16781,5621.3945
16782,5284.631
16783,5748.126
16784,8314.71
16785,4604.551
16786,2367.6565
16787,8739.542
16788,5805.8076
16789,6132.62
16790,6033.9233
16791,4073.3115
16792,10225.85
16793,2940.9062
16794,8971.273
16795,6626.498
16796,4198.0366
16797,6982.8296
16798,3989.2183
16799,5898.3145
16800,8470.099
16801,3490.114
16802,6689.2393
16803,10462.554
16804,10671.167
16805,3576.9785
16806,5975.64
16807,3036.5671
16808,2254.7498
16809,5811.3643
16810,6915.1973
16811,5665.1616
16812,4849.0806
16813,5604.439
16814,4542.355
16815,8418.922
16816,5934.092
16817,5877.7705
16818,4782.816
16819,7187.7725
16820,5648.2305
16821,6936.171
16822,8098.746
16823,9737.707
16824,9344.539
16825,6065.499
16826,6134.0654
16827,3796.2415
16828,5773.975
16829,9852.457
16830,6822.8584
16831,8145.374
16832,16265.563
16833,3883.5332
16834,7690.7354
16835,4105.49
16836,7796.0234
16837,11507.351
16838,9401.539
16839,9020.772
16840,7703.3774
16841,721.3326
16842,8667.537
16843,5359.656
16844,3561.772
16845,4790.551
16846,3202.7852
16847,2978.355
16848,8820.402
16849,18094.406
16850,5549.1333
16851,3512.9814
16852,5348.4663
16853,4988.2905
16854,6555.8975
16855,3509.6418
16856,6855.5464
16857,6914.3203
16858,4136.616
16859,11223.405
16860,12832.976
16861,4882.526
16862,4680.5454
16863,3808.196
16864,5048.0366
16865,5840.8394
16866,8481.101
16867,3823.495
16868,5329.944
16869,3006.956
16870,6175.4526
16871,4851.8105
16872,7215.957
16873,3412.7827
16874,10130.309
16875,5018.7354
16876,4957.3633
16877,4062.3225
16878,4225.6094
16879,5822.7666
16880,3687.35
16881,9732.609
16882,4556.8413
16883,4525.031
16884,7352.5806
16885,7161.2285
16886,6370.208
16887,5468.5347
16888,6124.051
16889,12260.5625
16890,6716.212
16891,6716.7886
16892,4141.271
16893,4363.85
16894,4873.188
16895,4003.3152
16896,6752.246
16897,6269.171
16898,13918.78
16899,8084.1445
16900,4937.2886
16901,5356.1855
16902,4782.0723
16903,6995.489
16904,7494.5854
16905,8624.812
16906,8917.724
16907,5425.3545
16908,3724.988
16909,4247.8657
16910,5107.8213
16911,19048.16
16912,2129.9421
16913,4994.8657
16914,6176.26
16915,7026.1753
16916,6653.3955
16917,10246.987
16918,5366.874
16919,4979.434
16920,4475.378
16921,6888.365
16922,3591.133
16923,5930.159
16924,11147.852
16925,3011.7244
16926,7361.5557
16927,7132.4346
16928,3897.967
16929,7200.4873
16930,8448.451
16931,2506.633
16932,9187.899
16933,8943.985
16934,5152.5273
16935,11426.54
16936,10874.363
16937,7499.0835
16938,5283.0786
16939,4129.1733
16940,7590.59
16941,3749.909
16942,6852.0293
16943,3190.803
16944,5360.525
16945,2974.6821
16946,6106.453
16947,5430.7446
16948,5184.296
16949,6806.8223
16950,7927.9907
16951,4916.2207
16952,7076.888
16953,5808.538
16954,6715.68
16955,9758.338
16956,8220.714
16957,4165.1885
16958,4256.2695
16959,6470.6323
16960,3784.891
16961,12891.921
16962,7179.633
16963,5967.512
16964,12184.894
16965,6171.8374
16966,4137.611
16967,12174.787
16968,7868.6655
16969,7247.002
16970,7409.775
16971,8454.271
16972,9003.083
16973,6081.842
16974,4358.001
16975,3232.0786
16976,5159.339
16977,7078.8525
16978,3049.436
16979,14137.688
16980,7480.167
16981,4721.7383
16982,7693.34
16983,5552.3687
16984,6294.8164
16985,4059.363
16986,5040.3813
16987,5105.4194
16988,4274.253
16989,5649.4155
16990,13423.454
16991,9120.636
16992,6064.591
16993,3454.6443
16994,7745.431
16995,6935.6616
16996,8970.803
16997,3581.7043
16998,3203.9006
16999,8081.2305
17000,6496.7363
17001,3996.672
17002,2845.2056
17003,6999.3535
17004,5899.9634
17005,4949.8506
17006,1839.8127
17007,9058.45
17008,6393.583
17009,5519.4507
17010,9220.398
17011,9105.043
17012,3629.8489
17013,6320.223
17014,4103.5205
17015,1663.8558
17016,6230.108
17017,9325.485
17018,5711.879
17019,4048.8171
17020,3049.2092
17021,4674.2812
17022,6957.825
17023,6085.724
17024,9569.895
17025,4036.065
17026,4864.7397
17027,3646.6328
17028,6032.5137
17029,3436.658
17030,2826.816
17031,6648.688
17032,3765.8396
17033,6419.082
17034,4852.1436
17035,5669.189
17036,4801.15
17037,8807.801
17038,5909.2783
17039,3785.2017
17040,9079.191
17041,7483.8066
17042,6225.3735
17043,2418.9185
17044,5241.6274
17045,6663.4043
17046,4971.1523
17047,9376.858
17048,8145.296
17049,6634.308
17050,7605.6714
17051,5818.203
17052,9636.583
17053,11421.789
17054,3669.7869
17055,4226.654
17056,5457.576
17057,5945.054
17058,5515.009
17059,4351.367
17060,6658.3345
17061,5954.0376
17062,2419.2346
17063,6811.375
17064,7774.326
17065,3293.0327
17066,7524.009
17067,3531.458
17068,8816.752
17069,6517.261
17070,5175.669
17071,8396.268
17072,4681.4565
17073,5044.537
17074,8021.807
17075,5040.761
17076,8705.009
17077,5383.6196
17078,8592.387
17079,6384.308
17080,3737.8984
17081,8107.0776
17082,3002.7163
17083,8377.15
17084,5448.396
17085,5278.127
17086,8177.367
17087,5278.7314
17088,4171.9087
17089,9117.252
17090,3510.3718
17091,2779.9072
17092,6116.2227
17093,8402.637
17094,5583.73
17095,7518.8364
17096,7437.6025
17097,5306.548
17098,6854.069
17099,2905.106
17100,11693.208
17101,7664.5635
17102,7919.949
17103,5686.9966
17104,5873.0405
17105,9122.41
17106,9318.258
17107,2914.7515
17108,8846.259
17109,5252.393
17110,8045.6836
17111,7591.3213
17112,5169.2354
17113,3401.1248
17114,4877.0986
17115,4616.1567
17116,2737.1638
17117,7611.593
17118,5544.811
17119,21803.818
17120,9262.964
17121,3757.8086
17122,5563.199
17123,9381.8955
17124,4999.6753
17125,6667.683
17126,4672.6055
17127,7516.671
17128,6237.4214
17129,4177.4517
17130,4801.0312
17131,6660.977
17132,6995.983
17133,6639.037
17134,7744.855
17135,5971.555
17136,3955.4976
17137,5364.8267
17138,9001.117
17139,10386.78
17140,7536.6064
17141,8534.584
17142,3850.9812
17143,5663.7085
17144,3451.1858
17145,8901.858
17146,10015.752
17147,8921.561
17148,6079.4927
17149,3864.155
17150,3349.683
17151,7169.867
17152,8011.966
17153,6244.589
17154,4393.857
17155,4486.671
17156,7666.625
17157,3214.3828
17158,6623.199
17159,3684.3826
17160,6624.267
17161,5993.49
17162,5250.4893
17163,7470.848
17164,6899.4907
17165,5154.017
17166,5896.16
17167,6675.797
17168,12316.9375
17169,5985.1836
17170,8169.532
17171,9407.45
17172,7615.0566
17173,6087.454
17174,8098.638
17175,4076.1023
17176,5425.127
17177,5690.0244
17178,6194.437
17179,10119.6
17180,6973.8306
17181,4303.5005
17182,6620.1743
17183,5859.1587
17184,7701.0635
17185,3460.7332
17186,13269.774
17187,4094.9922
17188,5460.9507
17189,8062.061
17190,3388.1553
17191,5761.069
17192,4945.4854
17193,7816.014
17194,5796.583
17195,5011.5835
17196,8273.282
17197,6003.291
17198,5369.5728
17199,5032.2295
17200,5506.304
17201,10772.158
17202,6026.86
17203,4649.273
17204,5991.404
17205,4600.06
17206,5481.957
17207,6493.967
17208,3829.3281
17209,5599.5654
17210,732.8742
17211,6524.9243
17212,1573.3887
17213,4732.881
17214,6319.9756
17215,4964.542
17216,7349.2925
17217,7554.6494
17218,4238.661
17219,5170.3447
17220,6744.162
17221,5284.777
17222,5356.4766
17223,6952.803
17224,7486.998
17225,7302.574
17226,4727.737
17227,4311.6567
17228,4954.376
17229,6656.2773
17230,8369.156
17231,8405.427
17232,8755.611
17233,5166.1104
17234,7509.648
17235,4315.9365
17236,8515.955
17237,7499.212
17238,5714.8438
17239,9381.77
17240,7843.788
17241,6551.722
17242,5123.939
17243,7330.3696
17244,7600.2104
17245,6315.1914
17246,3962.7637
17247,5227.697
17248,6297.2603
17249,5957.5195
17250,4126.677
17251,7052.1455
17252,4508.9893
17253,4498.018
17254,5918.778
17255,4418.3853
17256,6553.8906
17257,7259.739
17258,5182.585
17259,4839.0264
17260,12085.809
17261,7052.798
17262,3221.1975
17263,6214.695
17264,4604.6255
17265,7048.2383
17266,5997.682
17267,5157.504
17268,11219.756
17269,3925.262
17270,4380.4404
17271,9424.927
17272,7367.4424
17273,7596.6597
17274,6992.447
17275,5857.8286
17276,5696.829
17277,5149.1865
17278,7752.5933
17279,7496.416
17280,6477.1655
17281,2927.2104
17282,4338.2085
17283,9212.074
17284,9344.504
17285,5940.5645
17286,5947.3057
17287,5264.275
17288,4725.14
17289,3112.3962
17290,4303.1104
17291,5602.99
17292,7287.4824
17293,5480.702
17294,995.87787
17295,9282.519
17296,7525.2144
17297,7207.998
17298,5034.1304
17299,7888.564
17300,11454.997
17301,5088.3745
17302,6092.8794
17303,5898.2246
17304,7901.75
17305,3496.1921
17306,5735.8853
17307,5296.758
17308,8268.272
17309,7680.4507
17310,6941.1743
17311,2410.6257
17312,5207.8286
17313,7419.018
17314,18028.123
17315,9050.894
17316,5064.57
17317,3310.8171
17318,7157.288
17319,7049.3613
17320,5219.092
17321,14250.714
17322,18476.84
17323,3861.9329
17324,4116.8706
17325,8302.934
17326,4009.2542
17327,9787.383
17328,6262.6504
17329,6863.424
17330,6320.404
17331,5803.6704
17332,5592.2314
17333,407.8146
17334,9072.994
17335,6606.732
17336,5795.3506
17337,3898.1865
17338,2882.0684
17339,3707.2139
17340,6968.9033
17341,5254.0664
17342,5263.346
17343,5989.501
17344,5208.5537
17345,5882.5264
17346,6441.26
17347,5682.8213
17348,7738.7705
17349,6292.6733
17350,5394.4863
17351,5419.629
17352,3826.9507
17353,4600.376
17354,5548.604
17355,5642.3716
17356,3802.555
17357,11109.111
17358,5861.875
17359,8513.958
17360,6267.616
17361,4906.055
17362,4146.7104
17363,4700.617
17364,9585.891
17365,5161.4653
17366,7298.9185
17367,13310.641
17368,7236.351
17369,6539.1855
17370,5558.563
17371,4295.9946
17372,5687.0347
17373,4170.241
17374,3947.766
17375,9466.9375
17376,5830.798
17377,12085.809
17378,11039.601
17379,5492.8755
17380,5753.913
17381,5721.798
17382,5989.2554
17383,5322.0796
17384,9875.299
17385,7150.383
17386,8843.669
17387,4394.4146
17388,7067.68
17389,6166.4355
17390,7398.37
17391,6005.433
17392,4889.009
17393,6471.8115
17394,8159.736
17395,9002.663
17396,7435.354
17397,6225.9854
17398,8701.747
17399,6087.6167
17400,6905.561
17401,5272.5117
17402,3774.543
17403,4326.8145
17404,9900.611
17405,6507.4033
17406,7533.229
17407,6588.2437
17408,9182.013
17409,4107.0176
17410,8657.267
17411,6738.208
17412,3594.5298
17413,11661.277
17414,15974.34
17415,5686.747
17416,7415.6294
17417,9097.256
17418,9393.956
17419,10507.033
17420,5321.851
17421,5965.8335
17422,7003.7944
17423,7570.894
17424,4183.1543
17425,5168.772
17426,5045.3022
17427,5053.9917
17428,6333.2334
17429,5200.6255
17430,3508.9355
17431,6841.5674
17432,4095.8867
17433,3921.3997
17434,5393.56
17435,6003.995
17436,8066.799
17437,8876.11
17438,6893.709
17439,6322.647
17440,6201.5845
17441,10709.392
17442,5641.952
17443,4343.956
17444,4751.6035
17445,9151.596
17446,4377.412
17447,7924.1655
17448,3659.8794
17449,3761.2048
17450,8689.928
17451,4366.873
17452,5608.717
17453,7754.2495
17454,10500.231
17455,9819.8
17456,6340.668
17457,10120.787
17458,2703.6816
17459,5868.628
17460,7568.656
17461,4233.9214
17462,7982.904
17463,4335.441
17464,5073.0166
17465,8088.186
17466,10782.684
17467,7753.9834
17468,5914.703
17469,4656.4497
17470,9844.021
17471,7164.33
17472,5144.935
17473,6132.9185
17474,6068.2593
17475,8189.6763
17476,4942.264
17477,5301.5293
17478,6992.2534
17479,7211.065
17480,11889.39
17481,5907.588
17482,13388.8545
17483,6175.3057
17484,6392.18
17485,2951.114
17486,5290.436
17487,5969.9717
17488,4903.491
17489,8086.2266
17490,4825.3276
17491,3663.8406
17492,6960.022
17493,3460.72
17494,6676.185
17495,6696.3315
17496,7704.7515
17497,8754.241
17498,4573.921
17499,8329.26
17500,3919.4624
17501,5012.42
17502,6245.6074
17503,4979.0254
17504,9673.916
17505,5929.203
17506,3923.3152
17507,5994.9766
17508,7875.791
17509,6548.717
17510,5637.6646
17511,7843.2046
17512,4381.134
17513,8240.961
17514,5423.43
17515,9347.784
17516,4601.653
17517,6088.9756
17518,6251.8955
17519,5253.1045
17520,4473.6704
17521,3993.1016
17522,8881.344
17523,8900.144
17524,12090.639
17525,8378.637
17526,7312.5273
17527,8387.735
17528,5075.611
17529,10138.157
17530,10245.365
17531,5578.1567
17532,7364.2456
17533,7863.976
17534,5384.436
17535,198.94547
17536,8086.6973
17537,6166.418
17538,6235.726
17539,5494.6255
17540,1935.7158
17541,16467.248
17542,5484.4204
17543,795.5415
17544,4344.8516
17545,4847.471
17546,6004.259
17547,5985.2466
17548,6365.5796
17549,5621.298
17550,4390.966
17551,3460.9182
17552,610.3618
17553,7471.539
17554,16025.505
17555,4098.5093
17556,6722.4673
17557,6215.5186
17558,4703.326
17559,5091.443
17560,5104.2314
17561,3932.679
17562,7161.6997
17563,6689.986
17564,3470.5986
17565,7304.5317
17566,4397.354
17567,4945.117
17568,8512.691
17569,6232.622
17570,10073.617
17571,4128.5547
17572,5818.286
17573,3746.0728
17574,4407.9873
17575,14282.417
17576,9799.703
17577,5840.0596
17578,3933.876
17579,5402.6636
17580,5767.4746
17581,4093.6487
17582,8186.146
17583,5430.123
17584,4447.94
17585,6969.781
17586,4843.1914
17587,5480.3623
17588,5328.871
17589,6416.0093
17590,6370.846
17591,3818.396
17592,5344.091
17593,7013.2266
17594,7172.3433
17595,7677.88
17596,6466.6406
17597,3963.0852
17598,7022.725
17599,5123.284
17600,4714.9287
17601,5723.632
17602,7709.9487
17603,4955.354
17604,5699.579
17605,5662.7954
17606,3834.815
17607,5178.3306
17608,6220.625
17609,7544.216
17610,5222.9917
17611,8503.034
17612,5777.396
17613,3912.5068
17614,12230.559
17615,3828.0972
17616,3607.1533
17617,6853.4087
17618,7426.629
17619,10606.238
17620,4495.882
17621,5384.4873
17622,4800.866
17623,6604.243
17624,6981.471
17625,9154.232
17626,2205.513
17627,4977.2495
17628,5078.672
17629,4433.178
17630,4139.016
17631,6176.4424
17632,6061.757
17633,3880.3523
17634,7214.8213
17635,5959.6396
17636,6807.985
17637,5319.8364
17638,6245.1963
17639,6187.2744
17640,7612.21
17641,5902.3555
17642,3220.5554
17643,8227.209
17644,5684.551
17645,6991.86
17646,5067.571
17647,4223.4175
17648,7212.9014
17649,4430.105
17650,10362.765
17651,5917.299
17652,5029.8013
17653,7557.482
17654,4862.225
17655,4674.0093
17656,6990.193
17657,4063.0667
17658,8352.067
17659,11761.705
17660,7852.988
17661,4355.998
17662,4313.582
17663,3924.1013
17664,2889.2231
17665,8048.0625
17666,5583.251
17667,8842.497
17668,3998.373
17669,5526.7734
17670,6065.5684
17671,7809.866
17672,5603.295
17673,4802.68
17674,5361.972
17675,6535.681
17676,4108.3853
17677,7784.87
17678,7677.294
17679,7411.5703
17680,7140.7188
17681,7456.07
17682,5632.2627
17683,4076.8179
17684,5025.413
17685,11545.9375
17686,6652.653
17687,8440.107
17688,18203.367
17689,4445.221
17690,5834.592
17691,5068.059
17692,9332.996
17693,11006.631
17694,6048.0464
17695,7239.0435
17696,8905.994
17697,528.8328
17698,6230.863
17699,5987.102
17700,3708.5508
17701,4619.0327
17702,3956.2598
17703,4147.0903
17704,9260.791
17705,13701.197
17706,5596.613
17707,5103.589
17708,5724.795
17709,3882.8628
17710,5644.6865
17711,5642.006
17712,8096.2437
17713,5521.1406
17714,5654.694
17715,11176.521
17716,12787.11
17717,5595.417
17718,6574.157
17719,4360.055
17720,4334.6514
17721,4752.093
17722,8887.071
17723,4390.338
17724,4986.007
17725,4064.9119
17726,5676.017
17727,5448.375
17728,7299.099
17729,3901.7244
17730,6939.817
17731,6453.448
17732,6480.843
17733,4934.0117
17734,4102.6323
17735,7425.538
17736,4096.039
17737,9646.506
17738,4027.4155
17739,4585.537
17740,5594.0723
17741,3615.7866
17742,3379.1816
17743,4723.779
17744,5534.6177
17745,8179.7383
17746,7584.4893
17747,5505.9946
17748,3615.6555
17749,4789.7466
17750,6905.4097
17751,5722.349
17752,4925.059
17753,5424.4077
17754,10055.829
17755,6953.3667
17756,5066.208
17757,6799.12
17758,3693.183
17759,8589.486
17760,4728.305
17761,10596.167
17762,5685.0933
17763,6697.6157
17764,4507.6606
17765,4954.579
17766,5837.9097
17767,15817.672
17768,3126.0007
17769,5569.804
17770,7428.3857
17771,7440.5967
17772,1341.6105
17773,7161.0303
17774,6164.9536
17775,4780.7817
17776,4030.2478
17777,8283.688
17778,5678.3784
17779,6566.9126
17780,6723.0186
17781,4348.0728
17782,5887.303
17783,7295.285
17784,3732.8955
17785,9168.711
17786,9294.381
17787,3958.7815
17788,9416.741
17789,7290.75
17790,4472.0024
17791,8466.447
17792,6559.857
17793,8063.945
17794,3920.5469
17795,3347.1755
17796,7803.336
17797,3996.4968
17798,7893.7876
17799,3997.8237
17800,5559.5176
17801,4690.2485
17802,5875.3994
17803,5540.851
17804,6539.8965
17805,6340.4746
17806,7383.3755
17807,5844.724
17808,7199.272
17809,6488.537
17810,7892.4473
17811,9574.332
17812,6546.8057
17813,3584.0078
17814,5953.3955
17815,7058.141
17816,4674.366
17817,10351.651
17818,6105.737
17819,5979.968
17820,9332.034
17821,6122.6377
17822,4058.128
17823,11342.076
17824,9278.694
17825,5198.0713
17826,7781.9155
17827,9004.028
17828,6207.0703
17829,5754.627
17830,6194.502
17831,5215.245
17832,5051.89
17833,8420.175
17834,3754.4905
17835,7025.693
17836,8553.768
17837,5589.4854
17838,8129.6025
17839,5787.0923
17840,6167.0293
17841,4697.2734
17842,6797.953
17843,5898.4946
17844,6407.374
17845,6773.21
17846,7103.113
17847,7558.2964
17848,6719.6978
17849,3903.2878
17850,6059.6646
17851,8739.4
17852,6042.217
17853,4468.5737
17854,3677.1248
17855,6273.442
17856,9570.114
17857,5469.1035
17858,8846.597
17859,6259.33
17860,4969.659
17861,5338.97
17862,2746.8481
17863,6160.1924
17864,7663.255
17865,6624.956
17866,8423.372
17867,7960.3447
17868,4582.4893
17869,7159.091
17870,4305.455
17871,1930.6553
17872,7184.606
17873,12595.407
17874,6319.488
17875,6111.5283
17876,3535.25
17877,6223.349
17878,6547.4175
17879,5848.7783
17880,8379.835
17881,4037.9866
17882,4432.3877
17883,4419.911
17884,5610.5522
17885,4949.629
17886,3826.8667
17887,5377.871
17888,3771.6492
17889,7285.2305
17890,5564.6
17891,5048.6
17892,5948.179
17893,6159.8164
17894,4703.6177
17895,5039.386
17896,8163.7837
17897,7075.565
17898,5732.2095
17899,3391.2207
17900,9875.572
17901,6414.1553
17902,5380.0723
17903,9913.084
17904,5956.73
17905,6875.06
17906,5541.7915
17907,5723.1514
17908,9295.427
17909,14561.743
17910,4514.3174
17911,4555.6855
17912,5502.1777
17913,6156.9966
17914,5626.662
17915,6919.506
17916,6554.3784
17917,5477.049
17918,3420.778
17919,5761.234
17920,9574.186
17921,3846.326
17922,5894.9004
17923,3485.0703
17924,7396.267
17925,7808.2944
17926,6017.365
17927,7513.166
17928,6173.6626
17929,4154.3833
17930,5698.6714
17931,6005.6274
17932,9269.133
17933,6342.0654
17934,7037.5977
17935,5427.156
17936,4204.308
17937,9274.757
17938,3970.35
17939,10377.304
17940,5647.2876
17941,4473.521
17942,5839.124
17943,5587.518
17944,6919.506
17945,9714.961
17946,3804.507
17947,3561.0076
17948,6100.224
17949,6256.7754
17950,7680.5312
17951,5920.449
17952,5375.476
17953,4621.126
17954,5846.051
17955,3714.499
17956,8397.31
17957,8318.645
17958,10429.585
17959,4618.2705
17960,5103.818
17961,12725.416
17962,11094.404
17963,4095.621
17964,7761.4346
17965,5653.809
17966,5596.773
17967,4837.9
17968,4789.9795
17969,4873.541
17970,3871.6338
17971,4498.503
17972,3900.4258
17973,9325.717
17974,6254.2573
17975,20128.654
17976,6587.0684
17977,3605.089
17978,5856.633
17979,8365.732
17980,5001.6978
17981,5940.066
17982,4648.594
17983,6962.213
17984,5514.809
17985,3780.6692
17986,5127.8506
17987,5616.71
17988,6603.701
17989,6176.849
17990,8645.797
17991,4287.3525
17992,3529.6023
17993,4640.717
17994,7953.097
17995,8616.564
17996,7794.923
17997,6545.894
17998,3992.713
17999,4792.8726
18000,3304.7427
18001,7502.3027
18002,7337.721
18003,8418.568
18004,4632.8223
18005,4074.0771
18006,3831.6082
18007,6115.371
18008,7324.75
18009,5375.148
18010,4050.8452
18011,4326.212
18012,7283.945
18013,3211.5999
18014,6016.688
18015,3262.2966
18016,5497.6294
18017,5147.2764
18018,4697.784
18019,6697.673
18020,6452.482
18021,4622.6426
18022,5962.568
18023,5875.9653
18024,9680.543
18025,5595.8813
18026,7732.2188
18027,8334.473
18028,6692.8003
18029,5565.3325
18030,7135.2583
18031,3943.1821
18032,5028.6113
18033,5812.529
18034,5337.84
18035,8999.512
18036,6305.3325
18037,4242.84
18038,6524.5073
18039,5641.301
18040,7688.0293
18041,3454.384
18042,11464.1455
18043,4094.3909
18044,5318.7046
18045,7256.4365
18046,3378.9302
18047,5215.479
18048,5454.209
18049,6591.028
18050,4763.189
18051,4615.4917
18052,8112.5
18053,5097.264
18054,5236.0405
18055,4445.3354
18056,5431.9204
18057,9140.447
18058,5400.4893
18059,4373.7183
18060,4956.5264
18061,4728.828
18062,5021.9727
18063,5612.345
18064,3832.5073
18065,5275.8975
18066,658.70245
18067,5731.3623
18068,1307.3983
18069,3886.2534
18070,5017.6104
18071,4262.8643
18072,6287.2974
18073,7102.991
18074,4201.7544
18075,4329.0107
18076,5462.998
18077,4796.733
18078,4859.462
18079,6601.2515
18080,7179.742
18081,6245.5835
18082,4479.4565
18083,3981.7705
18084,4663.1567
18085,6633.378
18086,6927.3843
18087,6237.4214
18088,6897.767
18089,4686.3354
18090,6741.4155
18091,4339.2266
18092,2427.7598
18093,7586.479
18094,5259.1055
18095,8218.189
18096,6260.327
18097,5984.0933
18098,4598.4585
18099,6165.9355
18100,6414.314
18101,5724.3145
18102,3457.3643
18103,4884.655
18104,6356.1514
18105,4861.1865
18106,4245.52
18107,6987.18
18108,4269.359
18109,4085.3357
18110,4596.6694
18111,4556.207
18112,5996.246
18113,5791.068
18114,4977.4297
18115,4112.8906
18116,9668.345
18117,5658.341
18118,3085.9795
18119,5809.3306
18120,4044.953
18121,6609.0576
18122,5859.4717
18123,4726.5146
18124,9972.239
18125,3958.1282
18126,4247.3228
18127,8057.487
18128,5904.259
18129,6344.28
18130,6676.5225
18131,5220.5557
18132,5069.911
18133,5024.694
18134,8280.584
18135,8962.268
18136,5918.197
18137,2682.2075
18138,3928.6558
18139,7299.1343
18140,7357.5757
18141,4813.0215
18142,5207.893
18143,4172.179
18144,4479.196
18145,3079.9648
18146,4058.6738
18147,4887.6235
18148,6153.4272
18149,5404.6323
18150,972.2741
18151,7052.3877
18152,7055.321
18153,6363.2
18154,4328.9653
18155,7986.826
18156,8918.541
18157,4823.2246
18158,6532.802
18159,4633.0786
18160,6197.8057
18161,3214.5698
18162,5714.1133
18163,4268.7075
18164,7739.2505
18165,6252.116
18166,6179.3477
18167,2274.7021
18168,4586.04
18169,6399.867
18170,16911.275
18171,7213.2183
18172,4702.985
18173,2923.828
18174,5749.2773
18175,6668.287
18176,4505.606
18177,13326.734
18178,18179.32
18179,3604.6833
18180,5596.5645
18181,7701.5483
18182,3752.847
18183,9319.066
18184,6022.1997
18185,6823.9062
18186,5591.8154
18187,5278.1675
18188,4755.943
18189,380.04968
18190,7757.741
18191,6334.8164
18192,5079.001
18193,3866.0242
18194,2686.3538
18195,3595.9187
18196,6971.1304
18197,4375.8213
18198,4938.1455
18199,5705.2144
18200,5064.8115
18201,5841.358
18202,6167.7354
18203,5394.821
18204,6827.1157
18205,5587.2036
18206,4691.0044
18207,4768.585
18208,3108.7017
18209,4461.7036
18210,5212.2114
18211,5034.553
18212,3746.4302
18213,10108.14
18214,5297.652
18215,8013.6934
18216,5961.6865
18217,4572.224
18218,4509.1445
18219,4342.635
18220,7517.395
18221,4454.6787
18222,6972.354
18223,12818.162
18224,6126.16
18225,7146.967
18226,5033.108
18227,3947.5854
18228,6254.144
18229,4315.146
18230,4155.541
18231,8680.046
18232,4489.282
18233,12496.606
18234,10609.243
18235,4558.554
18236,5072.247
18237,5152.724
18238,5740.105
18239,4927.474
18240,10300.488
18241,6962.2266
18242,9138.922
18243,4357.7974
18244,6618.135
18245,4782.0312
18246,7905.2324
18247,5448.11
18248,5034.1016
18249,5194.2104
18250,7819.869
18251,6582.565
18252,6624.9434
18253,4947.415
18254,7902.247
18255,5586.3994
18256,6689.3286
18257,5184.207
18258,3559.8528
18259,3762.0444
18260,7286.954
18261,5568.2373
18262,6438.1396
18263,5636.331
18264,7342.559
18265,3121.3313
18266,7633.8916
18267,6283.5024
18268,3160.4873
18269,12524.515
18270,15724.325
18271,5339.317
18272,5743.2485
18273,7754.7524
18274,9359.042
18275,9470.369
18276,5438.531
18277,6015.517
18278,5265.9976
18279,7332.985
18280,4010.6426
18281,4860.338
18282,4374.995
18283,4772.5576
18284,6242.034
18285,4923.1
18286,3793.1646
18287,5845.878
18288,3821.5808
18289,3691.1543
18290,4514.8384
18291,5066.7974
18292,7792.1724
18293,7295.5356
18294,6227.239
18295,5094.887
18296,5674.561
18297,9960.804
18298,6051.965
18299,4547.5664
18300,4032.4207
18301,7852.2163
18302,4120.9097
18303,6037.1245
18304,2903.826
18305,3778.9744
18306,7634.729
18307,5172.777
18308,5549.7583
18309,7120.1997
18310,8119.002
18311,9968.226
18312,5777.721
18313,9371.065
18314,2752.3843
18315,4696.7896
18316,5887.2246
18317,3360.6904
18318,7955.8286
18319,4579.339
18320,4561.1074
18321,7315.722
18322,9470.116
18323,8633.256
18324,5402.736
18325,4099.2837
18326,12120.057
18327,6381.7993
18328,4746.679
18329,5124.047
18330,5744.0977
18331,8538.085
18332,4246.942
18333,5469.9224
18334,6399.733
18335,6364.05
18336,11190.857
18337,5158.138
18338,10597.198
18339,5226.749
18340,4809.226
18341,3020.313
18342,4971.1714
18343,5367.478
18344,4294.5034
18345,6309.7603
18346,3923.551
18347,4276.761
18348,5923.46
18349,2924.097
18350,6228.7476
18351,5501.6636
18352,7431.667
18353,6906.668
18354,4307.316
18355,7882.7803
18356,3857.3416
18357,4805.4204
18358,5212.9175
18359,4560.177
18360,9138.86
18361,5887.0283
18362,3811.256
18363,6199.9995
18364,7804.46
18365,6330.4854
18366,5306.462
18367,7262.017
18368,4422.3237
18369,6642.204
18370,4901.4995
18371,6886.657
18372,5463.676
18373,5849.4927
18374,5000.5767
18375,4772.025
18376,3951.858
18377,3512.663
18378,7729.9624
18379,7926.0854
18380,8866.912
18381,8840.414
18382,6429.8794
18383,7774.2964
18384,4829.4624
18385,9351.012
18386,9510.142
18387,5182.793
18388,7097.8506
18389,7116.16
18390,4869.9673
18391,199.76575
18392,7892.5527
18393,5283.542
18394,5730.045
18395,5216.3896
18396,1874.7676
18397,4472.3394
18398,4630.516
18399,667.711
18400,3925.3591
18401,3751.5334
18402,5390.9727
18403,5905.689
18404,6066.668
18405,4786.7686
18406,3996.4207
18407,3560.5151
18408,562.03705
18409,5950.9375
18410,15332.4
18411,4316.509
18412,5289.512
18413,5414.937
18414,4834.03
18415,4416.6157
18416,4108.6045
18417,3664.2214
18418,6742.3867
18419,5769.1416
18420,3500.3167
18421,7100.092
18422,3996.798
18423,4587.738
18424,8055.658
18425,5200.387
18426,9299.497
18427,3857.2534
18428,5871.9985
18429,3461.988
18430,3804.4346
18431,13368.451
18432,8223.835
18433,5181.1914
18434,4342.2866
18435,4514.834
18436,5330.4575
18437,4102.6167
18438,9172.018
18439,5031.9556
18440,4643.923
18441,6234.0073
18442,4254.78
18443,5626.818
18444,4817.5825
18445,5972.449
18446,5618.8857
18447,3692.8906
18448,5278.0215
18449,6117.6523
18450,6936.6934
18451,7346.09
18452,6076.3394
18453,3584.2917
18454,6450.8696
18455,4665.5283
18456,4607.121
18457,5601.2427
18458,6914.05
18459,5283.6226
18460,5247.06
18461,5301.489
18462,4404.289
18463,4620.9937
18464,5816.2334
18465,6238.32
18466,4854.028
18467,7394.4614
18468,5201.727
18469,3701.4856
18470,9944.789
18471,4102.186
18472,3275.4187
18473,6652.5767
18474,6471.472
18475,10868.754
18476,4064.687
18477,4650.3594
18478,4688.6514
18479,6465.506
18480,5633.821
18481,7378.687
18482,1956.1985
18483,4043.8496
18484,4026.8853
18485,4150.5767
18486,4143.8755
18487,5426.659
18488,5870.789
18489,3530.02
18490,7081.8237
18491,5425.1787
18492,4637.5176
18493,5056.5957
18494,5744.7495
18495,5537.443
18496,6707.48
18497,5887.556
18498,3980.597
18499,7599.058
18500,4782.36
18501,6004.9805
18502,4969.2417
18503,3446.2114
18504,6192.4463
18505,4919.1855
18506,7900.2427
18507,5681.5854
18508,5037.704
18509,5924.9233
18510,4774.52
18511,4285.8315
18512,6679.8794
18513,5138.0444
18514,8225.459
18515,9083.211
18516,7231.4595
18517,4505.043
18518,3935.2947
18519,3470.6416
18520,2684.1326
18521,8092.3916
18522,4995.137
18523,7394.3203
18524,3551.6882
18525,5152.036
18526,5634.095
18527,7398.384
18528,4658.0845
18529,4116.7217
18530,4216.763
18531,5688.174
18532,3200.131
18533,7311.8994
18534,6776.221
18535,7478.8257
18536,5922.4375
18537,5551.86
18538,4778.0464
18539,3926.805
18540,4108.26
18541,8544.439
18542,7357.702
18543,9574.897
18544,16133.514
18545,4608.1846
18546,5360.2437
18547,5456.8213
18548,6795.023
18549,9014.864
18550,5394.1875
18551,6737.5845
18552,6758.864
18553,511.20758
18554,5184.7856
18555,4792.6807
18556,4512.027
18557,4059.096
18558,3723.3252
18559,4455.3457
18560,6866.5146
18561,13702.112
18562,5500.85
18563,4625.1084
18564,6231.0054
18565,3440.8372
18566,5019.032
18567,4476.4023
18568,7949.768
18569,5606.973
18570,5651.4746
18571,9997.934
18572,12464.384
18573,5107.826
18574,6148.3755
18575,3786.5452
18576,4731.409
18577,4326.4185
18578,7372.405
18579,3871.1648
18580,4137.3896
18581,4117.735
18582,4977.862
18583,5783.7593
18584,5763.207
18585,3693.7786
18586,6097.403
18587,5950.347
18588,5770.352
18589,3627.5989
18590,3375.4026
18591,6987.06
18592,3849.4644
18593,8448.838
18594,3711.984
18595,4355.2627
18596,4860.537
18597,3708.1262
18598,3006.583
18599,4736.697
18600,5398.5786
18601,7527.9424
18602,7276.2095
18603,4858.7065
18604,3433.4368
18605,4562.3735
18606,7105.4844
18607,4432.5522
18608,4597.064
18609,4796.243
18610,9561.154
18611,6147.619
18612,4435.217
18613,6860.2104
18614,3658.3748
18615,7633.069
18616,4638.571
18617,10037.029
18618,4725.658
18619,5844.8745
18620,4615.3994
18621,3621.8105
18622,5591.965
18623,12712.909
18624,3249.348
18625,4384.951
18626,7460.2524
18627,5231.707
18628,1392.635
18629,6486.78
18630,5163.903
18631,4127.6294
18632,4002.0286
18633,8123.2544
18634,4882.8706
18635,6040.102
18636,6780.624
18637,4276.4673
18638,5458.1333
18639,5466.094
18640,3634.0967
18641,8333.018
18642,8101.8364
18643,3618.157
18644,6985.874
18645,6397.841
18646,4074.87
18647,7766.0625
18648,6080.287
18649,7964.491
18650,3468.9006
18651,3250.5012
18652,6829.2583
18653,3226.558
18654,7318.0254
18655,4133.6265
18656,5042.4976
18657,4285.6313
18658,5463.0137
18659,5245.2437
18660,5870.0776
18661,5717.9517
18662,6410.0757
18663,5602.718
18664,5929.3335
18665,6289.727
18666,7209.8203
18667,8657.779
18668,5725.1333
18669,2940.1882
18670,5521.1567
18671,6036.6924
18672,4791.0625
18673,9309.365
18674,5234.982
18675,5600.864
18676,8455.859
18677,5322.09
18678,3768.7793
18679,8767.485
18680,8911.364
18681,4786.189
18682,7754.6787
18683,8820.714
18684,5173.1616
18685,5252.5835
18686,5481.1934
18687,4768.776
18688,4824.9224
18689,6034.7812
18690,4192.874
18691,6034.902
18692,6267.21
18693,5556.215
18694,6067.5303
18695,5207.3267
18696,5839.1294
18697,4520.436
18698,6394.9614
18699,5592.9146
18700,5869.2046
18701,6335.3965
18702,6667.804
18703,7200.4873
18704,5076.1143
18705,3842.0024
18706,4961.5737
18707,6907.8076
18708,5652.7847
18709,4126.204
18710,4569.068
18711,5906.3706
18712,8460.967
18713,4971.565
18714,6680.3765
18715,5527.432
18716,5282.5444
18717,4222.934
18718,3123.321
18719,5493.5146
18720,6010.682
18721,5350.849
18722,7936.85
18723,7113.656
18724,4191.39
18725,7686.438
18726,3967.14
18727,2124.3406
18728,5391.554
18729,12526.88
18730,6331.168
18731,5850.6924
18732,3161.238
18733,5334.842
18734,6980.2925
18735,4995.171
18736,7629.015
18737,4194.154
18738,4244.8804
18739,4397.1904
18740,5022.0396
18741,4468.506
18742,4651.0073
18743,4522.6875
18744,3559.683
18745,7134.3467
18746,5755.4175
18747,4138.799
18748,5434.092
18749,5079.3257
18750,4723.626
18751,5078.546
18752,6692.928
18753,6990.413
18754,4668.168
18755,3755.4075
18756,8964.576
18757,5450.1113
18758,4222.817
18759,8207.928
18760,5373.241
18761,5940.072
18762,4518.4272
18763,5196.222
18764,7458.367
18765,12890.138
18766,4199.4624
18767,3543.502
18768,4366.7896
18769,5392.8657
18770,5182.6147
18771,5538.3354
18772,7062.6597
18773,5489.1304
18774,3772.5632
18775,5365.6406
18776,9079.365
18777,4330.4194
18778,3992.317
18779,3185.8484
18780,5926.4214
18781,7938.4556
18782,5998.643
18783,6927.4766
18784,5712.124
18785,3245.621
18786,4664.536
18787,5757.169
18788,7390.7666
18789,6172.173
18790,6584.0283
18791,5258.1826
18792,3823.7322
18793,8830.386
18794,3877.4624
18795,10049.856
18796,5243.4526
18797,3634.1208
18798,5254.4927
18799,5492.0737
18800,6890.4087
18801,9195.334
18802,3193.169
18803,3826.2974
18804,5430.0454
18805,6463.946
18806,7631.504
18807,4906.3267
18808,4987.41
18809,4505.365
18810,5161.1255
18811,4411.7944
18812,6938.48
18813,7396.2393
18814,10548.714
18815,4212.7065
18816,4894.0337
18817,11372.721
18818,10317.046
18819,4242.852
18820,7123.1816
18821,5819.874
18822,4554.182
18823,4129.583
18824,4107.1626
18825,4685.321
18826,3288.553
18827,4268.443
18828,4259.503
18829,7112.7876
18830,6121.114
18831,16854.469
18832,5364.407
18833,3455.6892
18834,5374.6865
18835,8260.099
18836,4600.2134
18837,5929.2314
18838,4176.7188
18839,6464.784
18840,5461.899
18841,3510.2043
18842,4536.159
18843,4895.3506
18844,6179.006
18845,5736.591
18846,7211.987
18847,3879.4824
18848,3200.0974
18849,4368.606
18850,7306.1064
18851,8372.246
18852,7008.091
18853,5948.6616
18854,3794.0583
18855,4478.944
18856,3034.893
18857,7537.4263
18858,6924.16
18859,7400.36
18860,4435.2085
18861,3745.401
18862,3396.9612
18863,5077.9062
18864,7024.1387
18865,4941.0576
18866,3691.151
18867,3814.97
18868,6326.4834
18869,2380.9468
18870,5560.483
18871,3021.163
18872,5049.202
18873,4599.7617
18874,4635.2754
18875,5687.4526
18876,5842.9795
18877,4316.0557
18878,6071.8315
18879,5140.064
18880,8538.362
18881,4776.169
18882,7221.927
18883,7184.606
18884,6172.4023
18885,5059.7656
18886,6685.24
18887,3519.3882
18888,4730.52
18889,5494.2954
18890,5217.982
18891,8067.4683
18892,5089.3257
18893,3963.9736
18894,5693.662
18895,5076.865
18896,7008.365
18897,3446.7637
18898,11989.633
18899,3436.7825
18900,4809.947
18901,7030.6333
18902,3092.0618
18903,4585.231
18904,4477.6323
18905,6204.5073
18906,4324.7476
18907,4043.4136
18908,6958.4155
18909,4238.576
18910,4279.4424
18911,3835.8503
18912,5069.0503
18913,8496.411
18914,5371.0425
18915,4449.5566
18916,4300.862
18917,4262.1895
18918,4505.937
18919,5097.06
18920,3913.4326
18921,5415.862
18922,671.9763
18923,5072.5474
18924,1320.506
18925,3929.4841
18926,4296.511
18927,4030.194
18928,5732.472
18929,6458.867
18930,4040.329
18931,4236.624
18932,5066.72
18933,4206.9277
18934,4348.778
18935,6162.29
18936,6530.0356
18937,5645.6772
18938,4133.193
18939,4080.5217
18940,4441.2666
18941,6237.249
18942,6082.2593
18943,5843.453
18944,6597.456
18945,4241.6343
18946,6430.8423
18947,4447.482
18948,2190.6062
18949,6549.0854
18950,4557.741
18951,8307.933
18952,6045.8833
18953,5740.5103
18954,4068.6167
18955,6263.409
18956,5639.762
18957,5040.7036
18958,3114.9714
18959,4382.338
18960,6032.761
18961,4480.401
18962,4050.9072
18963,6946.274
18964,3701.1292
18965,3766.9678
18966,3996.4207
18967,4553.1875
18968,5823.028
18969,5506.835
18970,4750.6924
18971,3790.8965
18972,11013.436
18973,5384.477
18974,2547.0942
18975,5101.389
18976,3542.38
18977,6250.5537
18978,5293.0254
18979,4208.8267
18980,8955.586
18981,3669.9094
18982,3799.3462
18983,7835.7646
18984,4803.5273
18985,5856.5605
18986,6536.0303
18987,4442.254
18988,4842.346
18989,4509.067
18990,7358.839
18991,8571.212
18992,5479.045
18993,2362.9749
18994,3892.308
18995,6303.1196
18996,6331.0835
18997,3920.4197
18998,4864.48
18999,3580.5735
19000,4671.705
19001,3172.434
19002,4144.1084
19003,4513.512
19004,5463.3057
19005,5084.4443
19006,1214.6237
19007,6323.515
19008,6199.662
19009,6126.762
19010,3889.58
19011,7550.486
19012,8374.626
19013,4468.8467
19014,5724.795
19015,4134.8096
19016,5764.202
19017,2677.0513
19018,4821.7754
19019,3978.1182
19020,7042.6743
19021,5333.2495
19022,5609.787
19023,1967.8531
19024,4282.7544
19025,5685.592
19026,15274.428
19027,6308.334
19028,4410.4688
19029,2536.0095
19030,5276.828
19031,6235.5356
19032,4843.256
19033,11597.59
19034,15001.635
19035,3300.883
19036,5186.799
19037,7172.179
19038,3587.8254
19039,8803.56
19040,4974.5537
19041,6398.6587
19042,5060.832
19043,4606.6553
19044,4120.7803
19045,368.42078
19046,6761.901
19047,5228.445
19048,4897.9614
19049,3525.729
19050,2487.9846
19051,3338.763
19052,5887.455
19053,3938.3064
19054,4480.73
19055,5642.619
19056,4754.8994
19057,4560.159
19058,5673.9385
19059,5231.0386
19060,5917.265
19061,5705.1216
19062,4157.0435
19063,4619.557
19064,2681.907
19065,4004.0981
19066,4945.221
19067,4399.2754
19068,3394.629
19069,9819.875
19070,4960.112
19071,6773.9272
19072,5643.427
19073,3943.6296
19074,3689.94
19075,4032.082
19076,7707.905
19077,3781.5203
19078,5612.019
19079,11247.022
19080,5718.377
19081,6220.0854
19082,3743.1936
19083,3954.9014
19084,5601.451
19085,3707.557
19086,3936.451
19087,479.27866
19088,4156.2344
19089,12066.885
19090,10057.71
19091,4127.1294
19092,4598.5903
19093,4601.798
19094,5265.7515
19095,4886.92
19096,8540.659
19097,5296.449
19098,6732.105
19099,3791.638
19100,6673.683
19101,4031.1592
19102,5299.8857
19103,4829.4854
19104,4574.017
19105,4758.511
19106,6727.002
19107,6466.073
19108,6386.543
19109,4541.246
19110,7802.227
19111,4731.5806
19112,6611.214
19113,4499.9106
19114,3090.7522
19115,3629.0215
19116,6469.417
19117,4833.9604
19118,5265.9375
19119,4940.0396
19120,7060.7334
19121,2612.8198
19122,6430.3394
19123,5984.1445
19124,2893.8936
19125,11347.66
19126,12939.667
19127,4824.991
19128,5087.1465
19129,6460.494
19130,9434.056
19131,8166.712
19132,4530.46
19133,5953.072
19134,4883.3784
19135,6602.366
19136,3962.2231
19137,4420.4805
19138,3999.4944
19139,4340.6094
19140,6218.3413
19141,4291.264
19142,3322.476
19143,5056.504
19144,3218.2734
19145,3272.5952
19146,4138.116
19147,4749.641
19148,6968.079
19149,6431.204
19150,5943.9937
19151,4446.027
19152,5078.352
19153,8251.61
19154,5425.236
19155,4105.5723
19156,3795.271
19157,6998.078
19158,3574.7068
19159,5737.636
19160,2795.66
19161,3647.8088
19162,6221.4736
19163,2996.1777
19164,4618.0723
19165,6717.807
19166,7424.4688
19167,7907.676
19168,5442.9624
19169,8108.2915
19170,2768.594
19171,4087.5107
19172,5402.272
19173,3002.9941
19174,7563.431
19175,3802.9902
19176,4432.62
19177,7302.0864
19178,8275.413
19179,6533.693
19180,4783.7056
19181,3643.413
19182,10044.614
19183,6004.8486
19184,4636.54
19185,4027.2273
19186,5150.1836
19187,7168.4243
19188,3675.9043
19189,5431.672
19190,6156.6504
19191,6550.9346
19192,11186.205
19193,4782.2275
19194,10272.537
19195,4546.395
19196,3924.0078
19197,2787.698
19198,5197.09
19199,4689.103
19200,3896.6733
19201,6161.009
19202,3374.5784
19203,3543.654
19204,4971.3184
19205,3096.714
19206,5646.6626
19207,4805.879
19208,6509.1973
19209,6261.581
19210,3623.5972
19211,7191.4756
19212,3416.4668
19213,4342.693
19214,4681.97
19215,4255.263
19216,7522.7173
19217,5019.9272
19218,3559.1194
19219,5710.212
19220,6792.2754
19221,5736.569
19222,4947.4434
19223,7228.7217
19224,4004.8584
19225,5705.9053
19226,4528.239
19227,6139.181
19228,4682.0234
19229,5354.617
19230,4324.471
19231,4112.663
19232,3668.282
19233,4215.291
19234,6493.329
19235,7535.3774
19236,8750.902
19237,7412.5034
19238,6205.5254
19239,7381.8335
19240,3973.0022
19241,9541.195
19242,8830.175
19243,4427.11
19244,7051.708
19245,6528.541
19246,4374.519
19247,197.82417
19248,7153.985
19249,4834.9893
19250,5694.379
19251,4677.5107
19252,1861.9646
19253,3910.3352
19254,4347.791
19255,1385.1849
19256,3537.2979
19257,3946.7834
19258,5230.35
19259,5432.3145
19260,5120.114
19261,4803.1978
19262,3415.0037
19263,3470.963
19264,29.37661
19265,5562.175
19266,14206.501
19267,3463.9668
19268,5094.2217
19269,5730.1704
19270,3514.8083
19271,4293.0454
19272,3557.3816
19273,3847.1772
19274,5826.222
19275,4894.2812
19276,2841.6494
19277,6581.5796
19278,3680.757
19279,4002.689
19280,7742.698
19281,4987.068
19282,8709.544
19283,3759.275
19284,5368.0977
19285,3215.6987
19286,3663.2673
19287,12524.7295
19288,6856.2397
19289,4752.519
19290,3676.227
19291,3909.1343
19292,4854.2266
19293,3893.9646
19294,7588.7515
19295,4469.819
19296,4200.3516
19297,5266.249
19298,3574.9932
19299,4778.7803
19300,4382.944
19301,5669.5513
19302,5200.209
19303,3710.9148
19304,4709.7593
19305,5283.164
19306,6560.07
19307,6512.197
19308,5422.9956
19309,3190.1516
19310,5556.2466
19311,4665.337
19312,4307.838
19313,5112.247
19314,6915.4087
19315,4630.688
19316,5061.4937
19317,4769.0034
19318,2685.7476
19319,4041.5857
19320,308.5272
19321,5635.4927
19322,4399.4727
19323,6332.4663
19324,4612.059
19325,3723.0413
19326,8995.419
19327,3986.3652
19328,3400.0476
19329,5957.3833
19330,6113.324
19331,8580.34
19332,4166.8613
19333,4471.593
19334,4212.542
19335,6218.703
19336,4964.542
19337,6753.2124
19338,1671.5128
19339,3878.824
19340,3541.7344
19341,4091.6772
19342,3724.5757
19343,5052.165
19344,5449.1704
19345,3329.0847
19346,6510.5264
19347,5052.1455
19348,6087.303
19349,4090.2917
19350,5386.167
19351,5310.3
19352,5918.953
19353,4938.3765
19354,3142.7905
19355,7570.309
19356,3477.399
19357,5332.3794
19358,3927.318
19359,3432.7556
19360,5558.8125
19361,4406.8525
19362,7133.197
19363,5071.7197
19364,4770.0044
19365,4741.525
19366,4791.945
19367,3899.6519
19368,5803.211
19369,4492.139
19370,7271.3115
19371,7945.0835
19372,6135.4463
19373,3940.5989
19374,3467.5706
19375,3095.0305
19376,2734.6204
19377,7244.77
19378,4131.9272
19379,7248.295
19380,2967.436
19381,4391.004
19382,4857.9233
19383,6334.345
19384,4114.095
19385,3569.8337
19386,3923.304
19387,5409.1553
19388,2976.827
19389,6173.6626
19390,6070.2856
19391,6863.345
19392,5372.1494
19393,5270.7617
19394,4333.473
19395,3698.274
19396,3788.7346
19397,9225.756
19398,5779.998
19399,7982.386
19400,14798.848
19401,3769.4517
19402,4812.3286
19403,4894.178
19404,6582.358
19405,7983.018
19406,5107.753
19407,5947.022
19408,6388.231
19409,463.70874
19410,4735.8657
19411,4102.3115
19412,4163.401
19413,3540.5117
19414,3712.9507
19415,3899.8267
19416,6259.981
19417,12497.798
19418,5066.14
19419,4315.5454
19420,5482.8354
19421,2696.437
19422,4717.403
19423,4202.9688
19424,6790.611
19425,4838.2183
19426,5179.368
19427,9801.909
19428,10950.81
19429,4957.4204
19430,5470.982
19431,2977.4658
19432,4150.0386
19433,4828.463
19434,6565.2153
19435,3561.3643
19436,3674.4739
19437,3582.3843
19438,4371.5576
19439,4576.7446
19440,4962.667
19441,3712.214
19442,5477.3833
19443,5914.715
19444,5155.989
19445,3511.333
19446,2964.106
19447,7111.655
19448,3522.942
19449,8318.304
19450,3396.851
19451,3621.1577
19452,4479.7046
19453,2976.4634
19454,2693.9504
19455,3802.9832
19456,4417.4497
19457,7188.561
19458,7195.908
19459,4556.1113
19460,3338.3203
19461,4309.975
19462,5424.4336
19463,4235.521
19464,4088.279
19465,4608.673
19466,8556.51
19467,5198.508
19468,4164.406
19469,6725.7896
19470,3313.5723
19471,7650.168
19472,4278.5728
19473,9917.8125
19474,4191.0186
19475,5257.1494
19476,3833.1106
19477,3403.585
19478,5168.905
19479,12019.16
19480,3061.3838
19481,3812.2488
19482,6714.316
19483,4869.461
19484,1203.7657
19485,6042.0034
19486,4672.5386
19487,3610.5305
19488,3477.1602
19489,7626.549
19490,4457.28
19491,735.27625
19492,5881.2363
19493,3872.0105
19494,5217.4
19495,447.653
19496,3248.6506
19497,7553.367
19498,7656.402
19499,3451.0935
19500,6515.869
19501,5163.9326
19502,3784.0715
19503,6227.1553
19504,5217.2456
19505,7696.0703
19506,3213.8708
19507,2611.778
19508,7183.208
19509,3201.884
19510,6761.359
19511,4178.516
19512,5367.345
19513,4339.3677
19514,4818.7915
19515,5396.2207
19516,5837.414
19517,4994.2656
19518,5484.9224
19519,5057.0586
19520,5327.9663
19521,5559.0986
19522,7265.495
19523,7949.8438
19524,5661.9473
19525,2543.624
19526,5081.0073
19527,5861.2715
19528,4126.106
19529,8716.267
19530,4534.9478
19531,5619.416
19532,8220.855
19533,5711.868
19534,3664.5747
19535,8035.269
19536,8549.648
19537,4564.794
19538,6827.2524
19539,7773.2065
19540,4523.658
19541,5333.1274
19542,5628.294
19543,4356.746
19544,4400.782
19545,5634.9067
19546,3749.6658
19547,5257.1895
19548,5394.872
19549,5462.7847
19550,6016.0396
19551,5102.8296
19552,5236.545
19553,3886.5166
19554,6019.7534
19555,5307.363
19556,5370.2485
19557,5707.3857
19558,5220.3564
19559,6925.759
19560,4802.2446
19561,3367.0151
19562,4282.6235
19563,6369.4546
19564,5297.47
19565,4211.6094
19566,4374.594
19567,5687.8267
19568,7771.042
19569,4825.6406
19570,6061.121
19571,5145.406
19572,4891.0234
19573,3677.546
19574,2805.2163
19575,5150.164
19576,5359.763
19577,4892.041
19578,6824.277
19579,6726.726
19580,4310.349
19581,6659.6177
19582,3824.4253
19583,1899.753
19584,5137.2017
19585,11918.375
19586,5757.6904
19587,5724.249
19588,2856.7786
19589,5335.203
19590,6877.349
19591,4543.3735
19592,6888.9434
19593,4039.4968
19594,4585.48
19595,3751.2756
19596,4896.5786
19597,4464.7563
19598,4053.1643
19599,3646.0312
19600,3031.2617
19601,6298.468
19602,5786.59
19603,3628.426
19604,5634.423
19605,4841.2886
19606,5112.925
19607,3942.7834
19608,5850.8486
19609,6120.3022
19610,4064.1055
19611,3449.6584
19612,8235.555
19613,4541.64
19614,4128.4604
19615,6932.401
19616,5436.337
19617,5972.096
19618,4446.332
19619,5252.6987
19620,7040.303
19621,11473.049
19622,3834.694
19623,3478.7195
19624,3544.5635
19625,5040.675
19626,4646.427
19627,7361.247
19628,5888.7075
19629,4642.138
19630,3213.4692
19631,4638.035
19632,7706.567
19633,4052.4453
19634,4723.702
19635,3108.6157
19636,5103.866
19637,7239.52
19638,5439.724
19639,6871.8677
19640,5061.8364
19641,2812.9397
19642,4294.663
19643,5397.6206
19644,6718.5312
19645,5544.25
19646,5705.2085
19647,4350.6865
19648,3282.557
19649,8174.3804
19650,3501.3787
19651,9870.93
19652,4470.889
19653,3233.778
19654,4851.8013
19655,4776.456
19656,6602.9834
19657,8496.63
19658,3688.6694
19659,3321.9375
19660,5041.8047
19661,5828.412
19662,6778.4385
19663,4435.767
19664,4353.863
19665,3935.0657
19666,4780.8
19667,3969.6382
19668,6753.412
19669,6853.2847
19670,9426.482
19671,3716.427
19672,4422.7246
19673,9930.042
19674,7959.0464
19675,3747.059
19676,6397.2246
19677,5188.6147
19678,4173.465
19679,3579.3372
19680,3521.991
19681,4144.9033
19682,2989.3428
19683,3741.48
19684,3608.95
19685,6720.7427
19686,5373.456
19687,15410.995
19688,4993.627
19689,3329.6057
19690,5353.0396
19691,8180.417
19692,4267.6978
19693,5661.505
19694,3859.6973
19695,6311.56
19696,5485.3306
19697,3755.5867
19698,4337.8447
19699,4909.379
19700,5553.2104
19701,5548.5405
19702,5520.667
19703,3908.6272
19704,3186.7146
19705,4042.3916
19706,6991.353
19707,8232.429
19708,7160.2993
19709,5851.5015
19710,3900.783
19711,4015.2593
19712,3237.7043
19713,6993.8945
19714,6813.669
19715,5724.5874
19716,4082.8113
19717,3044.024
19718,3428.2395
19719,5067.9526
19720,6420.4106
19721,4858.785
19722,3214.1252
19723,3824.9106
19724,6190.0547
19725,2223.0586
19726,5121.55
19727,2807.3635
19728,5027.3213
19729,4542.858
19730,4143.3457
19731,4669.2905
19732,6060.3003
19733,4349.6284
19734,5457.5293
19735,5203.513
19736,8130.882
19737,4641.775
19738,6980.206
19739,7536.8364
19740,6181.393
19741,4865.2827
19742,6681.562
19743,3538.8943
19744,4441.576
19745,4855.6113
19746,4713.827
19747,7541.1797
19748,4159.983
19749,3737.4492
19750,5432.309
19751,3954.4185
19752,6813.721
19753,2993.5608
19754,10772.322
19755,3238.761
19756,3747.9563
19757,6153.4917
19758,3172.5522
19759,4240.3516
19760,4377.5415
19761,5532.169
19762,4243.5806
19763,4143.618
19764,6455.4062
19765,4274.7954
19766,4164.37
19767,4032.763
19768,4779.259
19769,8180.5186
19770,5069.6157
19771,4053.3074
19772,4102.327
19773,4013.98
19774,4094.2698
19775,3902.1228
19776,3604.178
19777,5060.784
19778,633.5095
19779,4966.593
19780,1204.4575
19781,3703.573
19782,4299.68
19783,3990.4626
19784,5570.8296
19785,6746.4395
19786,4121.1025
19787,4052.4607
19788,5046.809
19789,4187.6978
19790,4428.673
19791,4725.717
19792,6771.111
19793,5780.9736
19794,4172.37
19795,3844.0518
19796,4246.946
19797,6058.225
19798,6883.9185
19799,5655.05
19800,6058.4624
19801,4155.8936
19802,5825.511
19803,3924.1687
19804,2186.0576
19805,6053.4424
19806,4450.9663
19807,7906.997
19808,5614.3584
19809,5386.018
19810,3843.5347
19811,5835.104
19812,5611.1626
19813,5221.009
19814,3370.383
19815,4534.208
19816,5347.4663
19817,4299.0938
19818,3776.2393
19819,6231.9863
19820,3102.0806
19821,3871.3533
19822,3886.6167
19823,3607.8276
19824,4948.373
19825,5017.8306
19826,4729.7485
19827,3686.7134
19828,2165.7695
19829,4929.411
19830,2169.52
19831,4264.7515
19832,3680.4377
19833,5820.507
19834,4331.076
19835,3387.4895
19836,7193.6367
19837,3381.1582
19838,3731.902
19839,7266.4795
19840,4480.8115
19841,5921.319
19842,6172.632
19843,3771.5989
19844,4538.6436
19845,3650.8237
19846,7028.5283
19847,7921.0293
19848,5597.8887
19849,2385.9858
19850,3463.6365
19851,6125.8853
19852,6197.1733
19853,4533.927
19854,4905.3906
19855,3431.4983
19856,4694.8545
19857,2913.9717
19858,3824.9617
19859,4127.1846
19860,5328.429
19861,4707.6216
19862,1068.3256
19863,6327.3887
19864,5987.827
19865,5710.288
19866,4177.9897
19867,6730.7954
19868,7386.278
19869,4391.2046
19870,5859.086
19871,3878.0764
19872,5406.3184
19873,2701.7144
19874,5145.254
19875,3760.161
19876,6713.4707
19877,4932.332
19878,5716.234
19879,2034.8925
19880,3881.6777
19881,5743.5225
19882,14203.398
19883,6382.4814
19884,4368.7646
19885,2555.4504
19886,5074.72
19887,5828.5566
19888,5042.079
19889,10886.806
19890,13431.214
19891,2654.8616
19892,4170.846
19893,6598.3936
19894,3323.2212
19895,6651.5615
19896,5200.7495
19897,6037.746
19898,4596.7744
19899,3812.6453
19900,4004.3733
19901,346.49225
19902,6851.1274
19903,4339.1235
19904,4475.9414
19905,2920.3418
19906,1973.0056
19907,3114.41
19908,4843.2837
19909,3926.6025
19910,4216.2603
19911,5275.535
19912,4829.0757
19913,4809.7036
19914,4565.103
19915,5004.4946
19916,5406.427
19917,5346.584
19918,4534.8916
19919,4292.3125
19920,2590.6357
19921,4312.138
19922,4660.582
19923,4531.955
19924,2824.7454
19925,10226.562
19926,5129.871
19927,5617.787
19928,5533.045
19929,3685.6445
19930,3731.5747
19931,3761.6892
19932,7281.132
19933,3789.6672
19934,5956.48
19935,11079.082
19936,5714.2656
19937,5899.22
19938,3820.2249
19939,3578.0571
19940,5523.948
19941,3449.1318
19942,3101.7314
19943,452.7782
19944,3949.642
19945,12051.702
19946,9819.716
19947,3121.2449
19948,4951.4893
19949,4796.225
19950,4962.5723
19951,4645.7354
19952,6581.837
19953,4964.798
19954,7653.175
19955,3954.7693
19956,6154.7007
19957,3879.412
19958,5513.978
19959,4848.2017
19960,4493.682
19961,4704.0215
19962,6434.0938
19963,5993.833
19964,5838.823
19965,4594.5127
19966,7338.4844
19967,4385.926
19968,6380.1562
19969,3753.205
19970,3153.025
19971,3314.388
19972,6322.026
19973,4393.886
19974,5315.4336
19975,3785.2412
19976,6356.3394
19977,2548.2415
19978,7359.4707
19979,5728.5586
19980,2805.3047
19981,10911.942
19982,12386.726
19983,4623.2114
19984,5053.1626
19985,6423.5713
19986,8446.565
19987,7667.064
19988,4561.473
19989,5329.9033
19990,4541.489
19991,6174.552
19992,3574.2805
19993,4529.807
19994,4049.5393
19995,4428.415
19996,5666.232
19997,4409.4844
19998,3224.595
19999,5015.012
20000,3253.9202
20001,3303.2173
20002,4054.251
20003,4333.7046
20004,6366.387
20005,6192.1865
20006,5600.26
20007,4338.7754
20008,4651.216
20009,7690.6914
20010,5354.2954
20011,3997.6636
20012,3781.4663
20013,7193.225
20014,3419.4795
20015,5538.9907
20016,2627.482
20017,3296.7983
20018,6803.9277
20019,2642.037
20020,4386.7793
20021,5939.902
20022,6816.152
20023,7380.517
20024,4948.982
20025,6199.621
20026,2456.737
20027,4284.037
20028,4830.6143
20029,3081.0815
20030,6769.393
20031,3741.4658
20032,4141.7295
20033,6659.548
20034,8986.603
20035,5353.892
20036,4870.8086
20037,3718.725
20038,9274.837
20039,5284.288
20040,4386.4824
20041,3999.2656
20042,5062.831
20043,7434.744
20044,3454.305
20045,4836.193
20046,5608.7065
20047,5977.801
20048,10767.895
20049,4512.901
20050,9621.99
20051,4561.3857
20052,3672.2524
20053,2567.4663
20054,4999.079
20055,4660.284
20056,3938.2275
20057,5326.925
20058,3273.507
20059,3429.0867
20060,5078.347
20061,2882.7668
20062,4522.2734
20063,4670.1943
20064,6759.631
20065,6074.114
20066,3702.2979
20067,6867.543
20068,2802.6792
20069,4448.3516
20070,4607.6265
20071,4017.6309
20072,8013.9683
20073,4788.682
20074,3648.2927
20075,5614.3584
20076,6979.307
20077,5562.5356
20078,5318.487
20079,6659.8716
20080,4027.646
20081,5238.908
20082,4741.0093
20083,6192.5464
20084,4796.6963
20085,4926.854
20086,4242.783
20087,4286.4287
20088,3742.376
20089,4231.228
20090,6431.0996
20091,7145.4263
20092,8294.781
20093,7695.608
20094,5513.289
20095,6985.2744
20096,3782.4043
20097,8888.301
20098,8510.3125
20099,4359.057
20100,6305.3804
20101,6549.785
20102,4491.5054
20103,195.0807
20104,5754.956
20105,4459.325
20106,5356.1396
20107,4818.7456
20108,1736.5101
20109,3459.5845
20110,4259.109
20111,1267.2332
20112,3124.7634
20113,3640.4636
20114,4904.6377
20115,5805.032
20116,5201.707
20117,4323.774
20118,3500.5337
20119,3064.9402
20120,27.747774
20121,4960.5894
20122,13183.754
20123,3633.6008
20124,4973.899
20125,5245.994
20126,3850.7827
20127,4196.155
20128,3417.5718
20129,3673.1177
20130,4806.8276
20131,5020.272
20132,2916.8503
20133,6367.3955
20134,3988.948
20135,4105.083
20136,7003.801
20137,4647.189
20138,8322.303
20139,3580.4028
20140,5071.1973
20141,3182.598
20142,3291.3083
20143,11553.925
20144,7291.529
20145,4296.175
20146,3767.1904
20147,3816.7463
20148,4839.783
20149,3622.1008
20150,7366.1636
20151,4662.739
20152,3447.1616
20153,5184.835
20154,3568.2915
20155,4836.2666
20156,4708.5464
20157,5211.391
20158,5323.1865
20159,3470.8337
20160,3820.6367
20161,5178.128
20162,6279.56
20163,6350.51
20164,4917.956
20165,3346.8372
20166,4280.3037
20167,4383.642
20168,4171.829
20169,5008.425
20170,6395.126
20171,4563.0225
20172,4706.746
20173,4546.9287
20174,2395.318
20175,4044.1697
20176,284.84027
20177,5843.5034
20178,4796.211
20179,6376.652
20180,4372.542
20181,3394.9883
20182,8438.191
20183,3857.382
20184,3184.6086
20185,6321.61
20186,5952.663
20187,9106.598
20188,3885.627
20189,4144.753
20190,3408.9563
20191,5581.382
20192,4926.91
20193,6493.0254
20194,1709.0629
20195,3875.3916
20196,3593.3572
20197,3826.9983
20198,3059.4102
20199,4610.33
20200,5247.045
20201,3187.1038
20202,6622.934
20203,5104.845
20204,5580.983
20205,3979.7578
20206,5625.294
20207,5377.5635
20208,5756.246
20209,4750.688
20210,2913.7825
20211,6875.736
20212,3507.4329
20213,5139.3384
20214,4170.3765
20215,3524.764
20216,5588.808
20217,4594.4116
20218,6802.714
20219,4743.3027
20220,4230.8286
20221,4787.4766
20222,4633.547
20223,4217.7124
20224,4676.5693
20225,4499.1636
20226,6814.15
20227,7923.349
20228,6552.172
20229,3996.0852
20230,3521.5542
20231,3169.76
20232,2614.1912
20233,7488.912
20234,3449.856
20235,6909.567
20236,3012.3364
20237,4354.178
20238,5225.433
20239,6381.057
20240,3960.2773
20241,3600.4563
20242,3899.3096
20243,5015.074
20244,3004.9973
20245,6303.991
20246,6096.286
20247,6387.4937
20248,5296.7324
20249,5060.1855
20250,3848.161
20251,3522.8376
20252,3789.5225
20253,8687.674
20254,5573.9976
20255,7585.784
20256,13786.359
20257,3822.2297
20258,5020.8276
20259,4979.2725
20260,6277.093
20261,7775.913
20262,4861.038
20263,5544.843
20264,5943.3076
20265,386.86954
20266,4648.0444
20267,3993.7568
20268,3417.9304
20269,3597.6548
20270,3475.6313
20271,3893.3926
20272,6147.6074
20273,12067.356
20274,4773.6914
20275,3890.2368
20276,5453.283
20277,2661.719
20278,4325.9233
20279,3467.296
20280,6894.8135
20281,4421.636
20282,4798.44
20283,9241.626
20284,9834.5625
20285,4388.537
20286,5081.463
20287,2476.559
20288,3952.6045
20289,4499.0522
20290,6548.142
20291,3535.4119
20292,3559.167
20293,3014.737
20294,4596.757
20295,4751.2637
20296,4805.0444
20297,3471.5522
20298,5233.0996
20299,5620.3438
20300,4945.6123
20301,3270.7756
20302,2968.5854
20303,6639.436
20304,3105.0532
20305,7742.5137
20306,3175.7166
20307,3398.8574
20308,4396.494
20309,2545.1157
20310,2662.354
20311,3303.2202
20312,4912.0117
20313,6702.0503
20314,6647.756
20315,4041.3545
20316,3138.3503
20317,4120.163
20318,4629.9194
20319,4034.248
20320,4283.837
20321,4295.1875
20322,6550.8223
20323,5265.0483
20324,3885.0598
20325,5762.3604
20326,2791.2866
20327,7302.2744
20328,4238.661
20329,9502.127
20330,4228.5894
20331,1604.3243
20332,3922.5332
20333,3218.7986
20334,4798.078
20335,11148.798
20336,3011.9888
20337,3588.1917
20338,6817.14
20339,4866.652
20340,1194.6912
20341,5727.881
20342,4684.409
20343,2877.667
20344,3669.325
20345,6831.141
20346,4608.9497
20347,688.24994
20348,4804.5176
20349,3226.1826
20350,4833.375
20351,426.8975
20352,3386.1616
20353,7848.4053
20354,7201.923
20355,3610.8267
20356,6078.919
20357,4186.9585
20358,3378.5627
20359,5244.423
20360,4848.114
20361,6765.3135
20362,2923.0833
20363,2453.0178
20364,6465.6475
20365,3345.6433
20366,6367.2437
20367,4421.851
20368,4946.032
20369,4152.9214
20370,4597.5947
20371,5062.918
20372,5490.853
20373,5151.638
20374,5600.944
20375,5194.9287
20376,5129.7686
20377,5770.881
20378,6736.216
20379,7486.4624
20380,5392.552
20381,2582.3235
20382,4247.2983
20383,5566.1553
20384,3346.1604
20385,8150.5728
20386,4533.542
20387,5566.522
20388,7946.288
20389,5548.9326
20390,3828.2834
20391,7889.8506
20392,7780.149
20393,4348.164
20394,6476.0845
20395,8425.235
20396,3693.6975
20397,5382.644
20398,5312.5596
20399,4773.218
20400,3546.241
20401,5173.1963
20402,3716.6396
20403,5807.602
20404,5168.333
20405,4905.737
20406,5853.9575
20407,4753.521
20408,4786.4717
20409,4043.005
20410,6024.768
20411,5162.386
20412,4897.2466
20413,5590.717
20414,4505.6445
20415,6594.5117
20416,4455.1245
20417,3939.8357
20418,4190.635
20419,5540.962
20420,5016.6724
20421,3653.1055
20422,3393.9941
20423,5783.0586
20424,7141.8286
20425,4636.297
20426,5866.6074
20427,4813.1777
20428,4327.6606
20429,3396.0767
20430,2764.5596
20431,5201.7764
20432,5010.852
20433,5043.4355
20434,7188.3965
20435,6285.331
20436,4068.1897
20437,6190.3735
20438,3532.8936
20439,2124.7632
20440,5063.2656
20441,9715.304
20442,5249.057
20443,5001.9556
20444,3007.6042
20445,4916.6665
20446,7299.7397
20447,4502.0874
20448,7092.538
20449,3720.8044
20450,4328.1895
20451,4011.5188
20452,4378.4688
20453,4105.024
20454,3853.2043
20455,3738.7898
20456,3251.0813
20457,4988.1475
20458,5769.5103
20459,3542.3765
20460,5153.2207
20461,4448.3643
20462,4781.0967
20463,3363.2432
20464,5789.4
20465,5788.185
20466,3995.5667
20467,3213.0984
20468,8420.793
20469,4613.3877
20470,4107.3
20471,6803.1943
20472,4948.637
20473,5585.7383
20474,4155.7944
20475,4984.0386
20476,6790.345
20477,11956.448
20478,3847.0598
20479,3329.034
20480,3341.8857
20481,4782.926
20482,4196.8994
20483,6477.586
20484,5770.2695
20485,3687.118
20486,3153.5212
20487,4661.129
20488,7291.1255
20489,3403.3804
20490,4863.371
20491,3013.4863
20492,5267.349
20493,7337.931
20494,5369.1323
20495,6213.58
20496,5161.106
20497,2782.4648
20498,4067.8833
20499,5366.1113
20500,6342.8276
20501,5413.3364
20502,5328.7134
20503,4502.59
20504,3022.2297
20505,7666.501
20506,3525.3086
20507,8323.312
20508,4020.299
20509,3149.162
20510,4524.9443
20511,4992.8843
20512,6522.964
20513,8383.736
20514,3565.7734
20515,3439.4424
20516,5117.819
20517,6004.3906
20518,5518.0503
20519,4532.3745
20520,4623.3438
20521,4109.028
20522,4626.5156
20523,3936.3533
20524,6150.9624
20525,6211.1094
20526,7497.968
20527,2988.2993
20528,4417.6943
20529,9278.694
20530,8435.705
20531,3903.2917
20532,6422.8975
20533,4151.329
20534,4216.5903
20535,3977.1733
20536,3627.2424
20537,4261.0835
20538,3372.6956
20539,3785.866
20540,3683.4617
20541,6331.6025
20542,4765.425
20543,16561.688
20544,5131.2905
20545,4022.7695
20546,6070.7837
20547,9632.696
20548,5081.0166
20549,7803.4033
20550,4653.861
20551,6907.6494
20552,5644.3203
20553,3595.8638
20554,5282.3228
20555,5493.242
20556,6519.288
20557,7161.406
20558,7074.9443
20559,4694.845
20560,3332.2686
20561,4939.54
20562,9025.506
20563,9340.966
20564,8644.75
20565,8235.672
20566,4038.1907
20567,5391.6978
20568,3553.0845
20569,9485.176
20570,9051.998
20571,7438.404
20572,5415.474
20573,3955.1804
20574,3853.877
20575,5740.0117
20576,8454.988
20577,6046.3447
20578,4153.8247
20579,4129.744
20580,6309.2847
20581,2773.351
20582,6147.326
20583,3434.5735
20584,6099.276
20585,5248.6665
20586,5172.9395
20587,6861.617
20588,6887.1235
20589,5185.216
20590,7382.1646
20591,5887.9043
20592,10786.613
20593,4985.4175
20594,8493.632
20595,8169.8364
20596,6780.43
20597,5960.225
20598,8125.393
20599,3861.0452
20600,5346.8086
20601,6082.2075
20602,5815.8174
20603,9082.821
20604,5736.022
20605,4429.7837
20606,6522.771
20607,5156.746
20608,7905.9263
20609,4535.7524
20610,14983.218
20611,3911.8574
20612,4644.6895
20613,7973.7036
20614,3302.4075
20615,5471.3364
20616,5877.7144
20617,7994.4624
20618,5328.2153
20619,4552.918
20620,8040.252
20621,4815.5195
20622,5344.815
20623,4738.658
20624,5551.452
20625,10271.508
20626,6108.166
20627,5477.1743
20628,4545.5713
20629,4759.3374
20630,5243.6074
20631,5097.7017
20632,4476.0312
20633,6602.568
20634,773.2934
20635,5537.591
20636,1488.4524
20637,4553.674
20638,5352.049
20639,4253.3677
20640,6104.019
20641,7028.904
20642,4428.225
20643,5313.4517
20644,5665.329
20645,4575.754
20646,4892.806
20647,6042.4473
20648,6903.4272
20649,6255.886
20650,4606.6025
20651,4685.464
20652,4921.1753
20653,7492.0913
20654,5980.6123
20655,7477.528
20656,8446.84
20657,4491.4883
20658,7442.6978
20659,5274.1865
20660,2639.9724
20661,8073.2183
20662,5160.0723
20663,10350.23
20664,5649.405
20665,6609.6753
20666,4921.1377
20667,7819.7275
20668,6464.9385
20669,5728.1377
20670,3570.6409
20671,5841.3354
20672,6428.389
20673,4908.5127
20674,4587.055
20675,8514.015
20676,3566.7124
20677,4623.0527
20678,4248.425
20679,5156.584
20680,7361.4927
20681,5897.9263
20682,4994.937
20683,4301.157
20684,3501.726
20685,6891.007
20686,2486.46
20687,5784.6416
20688,4259.157
20689,6884.9756
20690,5245.3086
20691,4268.4795
20692,9354.1875
20693,4004.0715
20694,3921.766
20695,10199.482
20696,5256.894
20697,6467.2515
20698,7658.52
20699,4235.905
20700,5600.8794
20701,4399.351
20702,8750.493
20703,9107.361
20704,7076.8003
20705,2519.0046
20706,4309.909
20707,8601.973
20708,7881.322
20709,4782.8984
20710,6264.2217
20711,4037.2046
20712,5082.5146
20713,3710.6704
20714,4769.7812
20715,5422.0903
20716,5860.2485
20717,5530.1904
20718,1486.1807
20719,8101.1567
20720,6122.4272
20721,7215.585
20722,4573.9863
20723,7639.1724
20724,9950.558
20725,4881.9395
20726,6548.242
20727,5606.936
20728,7916.543
20729,3093.1003
20730,5313.497
20731,4962.298
20732,7999.6187
20733,6184.4717
20734,6480.781
20735,2116.185
20736,4904.89
20737,6466.6963
20738,20913.328
20739,7887.804
20740,6191.46
20741,2816.201
20742,6546.631
20743,7965.8057
20744,5264.2046
20745,12795.468
20746,16062.796
20747,3536.7883
20748,5579.785
20749,7932.7104
20750,4011.7139
20751,9283.66
20752,5802.591
20753,8535.244
20754,4866.7725
20755,4668.101
20756,4654.7085
20757,432.14273
20758,7549.1104
20759,5879.4355
20760,5627.151
20761,3925.981
20762,2726.282
20763,4033.4863
20764,5990.6553
20765,4334.5024
20766,5167.569
20767,6647.8066
20768,5277.9155
20769,5276.0786
20770,6114.473
20771,6203.111
20772,6656.176
20773,7753.399
20774,4662.1606
20775,5319.2373
20776,3064.4753
20777,6641.323
20778,5443.757
20779,5340.2847
20780,3452.493
20781,12009.294
20782,6444.984
20783,7853.909
20784,6456.348
20785,4835.164
20786,4686.255
20787,4836.534
20788,8620.74
20789,4222.1606
20790,6355.333
20791,14169.33
20792,6399.214
20793,6644.3457
20794,4338.9536
20795,4430.929
20796,6558.237
20797,4310.0366
20798,4228.3594
20799,538.0965
20800,5272.1895
20801,13904.889
20802,11865.092
20803,4656.9736
20804,5413.135
20805,5134.1445
20806,5803.51
20807,5710.8164
20808,8718.361
20809,5672.012
20810,7701.6953
20811,4188.4766
20812,8615.783
20813,4756.256
20814,6642.0073
20815,5201.985
20816,5567.642
20817,5340.2744
20818,6836.1797
20819,8674.525
20820,7588.3677
20821,5117.8774
20822,9236.523
20823,5556.464
20824,7831.274
20825,4706.041
20826,3288.4556
20827,4309.6543
20828,7447.0503
20829,5554.3867
20830,6435.0146
20831,5130.9233
20832,8475.699
20833,3507.9348
20834,7532.9126
20835,7661.179
20836,3098.5847
20837,12677.009
20838,15095.384
20839,5415.2524
20840,7241.4814
20841,8883.622
20842,11237.062
20843,9521.623
20844,5428.911
20845,7190.4536
20846,6249.3315
20847,7326.8115
20848,4582.948
20849,6498.5522
20850,4499.082
20851,4924.8994
20852,7209.903
20853,4650.8433
20854,3965.5544
20855,5767.26
20856,3494.8816
20857,3730.0977
20858,4627.4736
20859,2583.8613
20860,7837.2896
20861,7339.702
20862,6923.236
20863,4981.434
20864,5926.1274
20865,9576.03
20866,7526.1763
20867,4840.402
20868,4324.042
20869,8207.012
20870,3989.3704
20871,7140.8276
20872,3617.4082
20873,4365.757
20874,7289.644
20875,4457.2456
20876,5015.419
20877,7754.3086
20878,9548.569
20879,9330.851
20880,6575.374
20881,7751.3438
20882,3326.4404
20883,4730.1187
20884,6355.709
20885,3534.09
20886,8756.028
20887,4406.142
20888,5311.4346
20889,8924.607
20890,9830.633
20891,6894.978
20892,5210.8496
20893,4188.968
20894,11396.468
20895,6814.7676
20896,6139.1987
20897,4851.1484
20898,5962.471
20899,8503.829
20900,4004.2969
20901,6600.9873
20902,7004.636
20903,7995.08
20904,12639.21
20905,5560.493
20906,14234.494
20907,5111.579
20908,4626.3745
20909,3123.0886
20910,5746.854
20911,5003.2393
20912,4338.9
20913,6762.088
20914,3725.297
20915,4344.321
20916,5429.662
20917,3559.846
20918,5835.9443
20919,5171.6567
20920,7068.1455
20921,7936.729
20922,4149.425
20923,8031.2617
20924,3470.7441
20925,4819.3154
20926,5008.453
20927,4826.331
20928,8746.813
20929,6114.2803
20930,3845.5703
20931,6700.606
20932,8596.035
20933,7149.1416
20934,5756.768
20935,9579.831
20936,4621.373
20937,5400.386
20938,5400.9683
20939,7647.87
20940,5748.8994
20941,6349.9585
20942,5087.734
20943,4751.794
20944,4144.0337
20945,4307.5293
20946,7379.9116
20947,8435.021
20948,11263.919
20949,9054.71
20950,7604.569
20951,7643.035
20952,4469.853
20953,11925.118
20954,10011.865
20955,4900.784
20956,7918.31
20957,8767.729
20958,4722.734
20959,248.88525
20960,7486.791
20961,5198.2944
20962,7245.316
20963,5416.1562
20964,2478.7468
20965,4363.925
20966,4724.707
20967,1457.7471
20968,3736.287
20969,4406.0073
20970,6142.942
20971,6221.385
20972,5658.611
20973,5399.366
20974,3945.8723
20975,3821.3257
20976,32.268063
20977,6776.6606
20978,15393.251
20979,4433.973
20980,6684.137
20981,6834.4976
20982,4114.056
20983,5076.3955
20984,3935.6475
20985,4203.105
20986,6064.475
20987,6188.4785
20988,3110.4402
20989,7442.165
20990,4084.568
20991,4481.632
20992,8984.349
20993,6290.645
20994,9427.372
20995,4388.709
20996,5924.381
20997,3409.3237
20998,4191.854
20999,14514.31
21000,8002.4424
21001,5555.388
21002,4040.3176
21003,4578.3384
21004,5131.168
21005,4357.369
21006,8434.61
21007,4637.389
21008,4479.4824
21009,6038.7485
21010,3980.054
21011,5322.978
21012,5547.5986
21013,6334.907
21014,5037.4927
21015,4451.1104
21016,4693.8247
21017,6056.0874
21018,7442.96
21019,8042.024
21020,6256.954
21021,3811.5034
21022,5710.7783
21023,5643.5234
21024,5188.7188
21025,6166.1885
21026,8821.093
21027,5542.4365
21028,5772.2847
21029,5490.7275
21030,3722.7144
21031,4599.7837
21032,335.6941
21033,5805.647
21034,5179.3237
21035,7157.3154
21036,5126.0854
21037,4136.7744
21038,11731.165
21039,4859.003
21040,3453.1155
21041,6679.4526
21042,6455.535
21043,9116.052
21044,4625.4746
21045,5262.2217
21046,4392.96
21047,7547.6562
21048,6643.75
21049,8790.303
21050,1778.508
21051,5787.291
21052,4916.563
21053,4653.275
21054,3862.003
21055,6096.4375
21056,6181.564
21057,3677.9177
21058,6750.733
21059,5598.636
21060,7370.0566
21061,4133.224
21062,5739.875
21063,5989.164
21064,6644.257
21065,5777.716
21066,3521.7087
21067,8556.95
21068,4694.3125
21069,6527.059
21070,4599.007
21071,3616.6492
21072,6369.0415
21073,5503.6055
21074,9452.898
21075,5539.704
21076,5568.0405
21077,6376.8403
21078,5831.3037
21079,4653.5454
21080,6087.744
21081,5400.3447
21082,8846.226
21083,10187.621
21084,6908.954
21085,4320.925
21086,3841.8413
21087,3538.1313
21088,3187.5022
21089,9126.179
21090,4743.3525
21091,9245.267
21092,3463.9238
21093,4384.2695
21094,5852.7017
21095,8636.821
21096,4598.336
21097,3925.8647
21098,5117.6724
21099,6027.527
21100,3632.1003
21101,6919.0767
21102,6665.1016
21103,7784.974
21104,6067.218
21105,7006.6675
21106,5224.1475
21107,3997.3167
21108,3915.2546
21109,11404.829
21110,7498.225
21111,9628.324
21112,19017.629
21113,5102.182
21114,5447.242
21115,6203.8384
21116,8499.913
21117,8616.474
21118,5897.448
21119,7110.1216
21120,8340.143
21121,488.33905
21122,5491.482
21123,4988.6045
21124,4658.4
21125,3948.576
21126,4562.896
21127,4679.559
21128,7757.0015
21129,16093.986
21130,5618.189
21131,4724.9326
21132,7005.712
21133,3418.0054
21134,5534.4067
21135,4099.3657
21136,7849.064
21137,5683.96
21138,5918.1685
21139,11513.345
21140,12392.409
21141,6072.718
21142,5940.882
21143,3462.6519
21144,4779.2637
21145,5641.947
21146,7381.9814
21147,4388.2905
21148,3995.6047
21149,3691.7776
21150,5074.9717
21151,5708.6763
21152,6922.5493
21153,4177.695
21154,6480.3853
21155,7040.9077
21156,5808.344
21157,4212.646
21158,3719.8284
21159,9304.989
21160,4014.7805
21161,10906.074
21162,3868.3816
21163,4603.295
21164,4709.157
21165,3487.6877
21166,2868.7312
21167,4288.0806
21168,4162.805
21169,7901.7573
21170,8247.982
21171,5145.013
21172,3885.8381
21173,4765.652
21174,5754.5776
21175,5924.483
21176,4859.091
21177,5094.6055
21178,8659.026
21179,6047.337
21180,4989.247
21181,6582.703
21182,3443.4248
21183,9729.788
21184,4989.951
21185,12193.171
21186,4784.9336
21187,1812.7605
21188,4979.4624
21189,4087.3315
21190,5064.2026
21191,13910.871
21192,3667.5718
21193,4769.049
21194,8309.414
21195,7049.5967
21196,1300.5869
21197,6928.9834
21198,4880.831
21199,3784.8694
21200,3477.3193
21201,8111.014
21202,4949.6997
21203,795.75006
21204,6119.7593
21205,4055.6243
21206,6162.243
21207,532.2131
21208,3454.5488
21209,8520.001
21210,8960.7295
21211,3575.9824
21212,8405.579
21213,5323.6025
21214,4493.211
21215,7519.2666
21216,6260.2676
21217,8845.095
21218,3414.2383
21219,3285.668
21220,7358.0107
21221,3395.6233
21222,7528.5527
21223,5757.773
21224,8375.377
21225,5041.0933
21226,5710.4897
21227,6278.237
21228,7345.6274
21229,4711.5884
21230,6553.2905
21231,5729.8154
21232,6606.826
21233,5735.13
21234,8568.662
21235,8841.544
21236,6617.8003
21237,2813.1062
21238,5280.252
21239,6859.726
21240,4108.546
21241,10426.701
21242,5226.2856
21243,7083.0874
21244,9239.616
21245,7283.2573
21246,4185.461
21247,10911.619
21248,9276.323
21249,5044.0176
21250,7769.1226
21251,9054.96
21252,4726.046
21253,6462.1396
21254,6769.561
21255,5272.255
21256,3902.9602
21257,6493.4155
21258,4616.108
21259,6527.956
21260,6884.5356
21261,6642.318
21262,8445.067
21263,5885.4897
21264,6312.6978
21265,4642.9307
21266,6644.9224
21267,6648.6816
21268,5943.6704
21269,7267.63
21270,5916.5825
21271,8252.791
21272,5315.9204
21273,3540.5015
21274,4761.29
21275,7988.1133
21276,5942.888
21277,4506.951
21278,4400.8115
21279,6210.7363
21280,8999.443
21281,5365.779
21282,7843.6084
21283,5848.862
21284,5473.0903
21285,4574.506
21286,3438.1829
21287,5625.3315
21288,6785.8325
21289,6736.7554
21290,6683.3467
21291,7578.6606
21292,4989.956
21293,8497.092
21294,3928.0225
21295,2338.8232
21296,6459.946
21297,10746.79
21298,7041.4517
21299,6843.173
21300,3346.9233
21301,6061.6763
21302,7844.4536
21303,5420.937
21304,8159.6035
21305,4129.563
21306,5431.537
21307,4365.3237
21308,5759.3823
21309,5139.5493
21310,4854.0093
21311,4533.0273
21312,3394.0815
21313,6139.31
21314,6944.3794
21315,4004.3503
21316,6903.9346
21317,5789.118
21318,5541.9873
21319,4457.603
21320,6826.8486
21321,7068.6445
21322,4613.524
21323,3776.9958
21324,11021.201
21325,5329.8726
21326,5600.014
21327,8059.524
21328,5886.7417
21329,8057.825
21330,5580.8975
21331,5799.0107
21332,8657.878
21333,12231.34
21334,4633.9844
21335,4397.8613
21336,4720.86
21337,6680.784
21338,5197.3477
21339,7050.4907
21340,7370.394
21341,4800.138
21342,3987.7952
21343,5339.6934
21344,10962.629
21345,4342.705
21346,5091.5205
21347,3206.5884
21348,6017.5547
21349,7627.749
21350,8010.0557
21351,7226.867
21352,5653.038
21353,3131.6453
21354,5106.7783
21355,7082.4185
21356,7307.577
21357,7895.9937
21358,6684.9214
21359,5047.2905
21360,3694.1416
21361,11180.328
21362,3731.247
21363,10225.313
21364,5181.4976
21365,3491.456
21366,5615.376
21367,5404.72
21368,8338.1455
21369,10885.342
21370,5264.747
21371,4181.8374
21372,5549.1016
21373,6090.55
21374,7128.4966
21375,4851.5605
21376,4504.4756
21377,4789.2944
21378,5823.4277
21379,4756.637
21380,8320.176
21381,7948.1
21382,8884.631
21383,3904.9639
21384,6424.809
21385,10726.535
21386,10635.686
21387,4732.9165
21388,8293.246
21389,5449.4355
21390,4585.7993
21391,4181.4546
21392,5030.4346
21393,4618.839
21394,3566.1306
21395,3993.8633
21396,4596.7744
21397,8794.823
21398,5911.37
21399,21567.838
21400,5344.6616
21401,0.058278993
21402,0.020191925
21403,0.10935765
21404,0.1490017
21405,0.03531511
21406,0.05737777
21407,0.24576594
21408,0.04820652
21409,0.083175994
21410,0.0
21411,0.026450664
21412,0.07929868
21413,0.09875913
21414,0.12508997
21415,0.06114037
21416,0.03814614
21417,0.0
21418,0.03542184
21419,0.021449821
21420,0.0
21421,0.1449945
21422,0.0
21423,0.11978524
21424,0.07621795
21425,0.047537398
21426,0.059953336
21427,0.05465679
21428,0.051935572
21429,0.0
21430,0.0
21431,0.0
21432,0.0
21433,0.039978232
21434,0.012852751
21435,0.0
21436,0.0
21437,0.02492767
21438,0.034924064
21439,0.037030194
21440,0.0
21441,0.038571205
21442,0.11243685
21443,0.12610799
21444,0.03614676
21445,0.0058777346
21446,0.09452523
21447,0.0
21448,0.0
21449,0.12477315
21450,0.0
21451,0.0
21452,0.11983597
21453,0.11858644
21454,0.0
21455,0.041722786
21456,0.0
21457,0.07202343
21458,0.081431
21459,0.0062228353
21460,0.04060721
21461,0.07233919
21462,0.06353122
21463,0.087022625
21464,0.0
21465,0.052121382
21466,0.067962795
21467,0.045606606
21468,0.0
21469,0.05851608
21470,0.0
21471,0.021990566
21472,0.092119545
21473,0.04532776
21474,0.066908166
21475,0.0
21476,0.12822625
21477,0.0
21478,0.0
21479,0.10263202
21480,0.025725622
21481,0.046534073
21482,0.0
21483,0.16815878
21484,0.09503147
21485,0.0
21486,0.0
21487,0.069016956
21488,0.0
21489,0.23594324
21490,0.0
21491,0.0602265
21492,3630.4653
21493,0.0
21494,0.011265647
21495,0.0
21496,0.030891193
21497,0.2832174
21498,0.03045791
21499,0.0
21500,0.07701456
21501,0.058836717
21502,0.05248858
21503,0.0
21504,0.04292705
21505,0.13141382
21506,0.023368292
21507,0.0
21508,0.0
21509,0.065412365
21510,0.035780966
21511,0.0
21512,0.0
21513,0.0
21514,0.0
21515,0.030836064
21516,0.0
21517,0.062095087
21518,0.046140272
21519,0.025259538
21520,0.07603977
21521,0.0
21522,0.048414875
21523,0.0
21524,0.1331676
21525,0.03066903
21526,0.041205127
21527,0.0
21528,0.044061527
21529,0.0
21530,0.0
21531,0.073098205
21532,0.077889495
21533,0.038123876
21534,0.057526633
21535,0.0
21536,0.0
21537,0.048203763
21538,0.0
21539,0.033390723
21540,1.5011897
21541,0.10824252
21542,0.18656215
21543,0.040404327
21544,0.1883213
21545,0.050002772
21546,0.22983876
21547,0.04607436
21548,0.15338357
21549,0.012171128
21550,0.04609129
21551,0.0
21552,0.081507355
21553,0.051707722
21554,0.030389503
21555,0.0
21556,0.010283146
21557,0.0059986645
21558,0.075657874
21559,0.14337276
21560,744.2512
21561,0.0
21562,0.0
21563,0.037193827
21564,0.06510503
21565,0.06281736
21566,0.0
21567,0.032938592
21568,0.06841549
21569,0.07607082
21570,0.0
21571,0.054724958
21572,0.04297284
21573,0.10265125
21574,0.0
21575,0.065638155
21576,0.028342016
21577,0.006467729
21578,0.0602217
21579,0.13156201
21580,0.04531675
21581,0.1811515
21582,0.0
21583,0.05390949
21584,0.09963641
21585,0.0
21586,0.09682961
21587,0.05847373
21588,0.1446124
21589,0.041285295
21590,0.0
21591,0.12744352
21592,0.052606653
21593,0.099848054
21594,0.11874512
21595,0.0
21596,0.08045382
21597,0.033227436
21598,0.08192881
21599,0.0
21600,0.0
21601,17040.475
21602,27153.373
21603,0.24282062
21604,0.31798762
21605,0.11733333
21606,0.0
21607,0.016423084
21608,0.14763914
21609,0.112872526
21610,6210.4224
21611,0.0
21612,0.0
21613,0.040168952
21614,0.13273641
21615,0.0
21616,0.7608341
21617,0.10286175
21618,0.060842093
21619,0.0
21620,0.022390101
21621,0.0705864
21622,0.084938906
21623,0.01134936
21624,0.13934919
21625,0.01552124
21626,0.1161459
21627,0.0
21628,0.0
21629,3382.0422
21630,0.0
21631,0.026197763
21632,0.08209721
21633,0.08948971
21634,0.0
21635,0.009973874
21636,0.08368654
21637,0.3611579
21638,0.050795697
21639,4367.4355
21640,0.10623003
21641,0.08688087
21642,0.0
21643,0.07122488
21644,0.009720963
21645,0.0
21646,0.0
21647,0.21620616
21648,0.058225054
21649,0.06338671
21650,0.03869436
21651,0.0
21652,0.0
21653,0.062411353
21654,0.2617892
21655,0.06317406
21656,0.0
21657,7786.3257
21658,0.049925976
21659,0.13091648
21660,0.07011558
21661,0.27986068
21662,0.06365751
21663,0.0
21664,0.06228213
21665,0.06698724
21666,0.07342273
21667,0.0
21668,0.10005922
21669,0.0
21670,0.0
21671,0.04118318
21672,0.007002075
21673,0.07018754
21674,8621.415
21675,0.031876028
21676,0.038265713
21677,0.021963054
21678,0.05137527
21679,0.036682803
21680,0.0
21681,0.16075712
21682,0.0
21683,0.10980807
21684,0.072268404
21685,0.0
21686,0.0
21687,0.071299575
21688,0.0
21689,0.0
21690,0.0073786704
21691,0.10181907
21692,0.046004128
21693,0.17921326
21694,0.1922512
21695,0.041713487
21696,0.052434232
21697,0.10156638
21698,0.12647268
21699,0.52651715
21700,0.16645882
21701,0.038545024
21702,0.014733473
21703,0.06258003
21704,0.0
21705,0.0
21706,0.0
21707,0.0703559
21708,0.056905176
21709,0.0775408
21710,0.0
21711,0.018907908
21712,0.0
21713,0.12642282
21714,0.0
21715,0.02628856
21716,0.11098339
21717,0.14278567
21718,0.0045179594
21719,0.006686118
21720,0.019135688
21721,0.12572937
21722,0.04516319
21723,0.0
21724,0.027994715
21725,0.09637045
21726,0.039039306
21727,0.0
21728,0.0
21729,0.0
21730,0.0
21731,0.049889866
21732,0.0
21733,0.05850268
21734,0.038912382
21735,0.27495965
21736,757.9682
21737,0.0066110985
21738,0.0
21739,0.06487985
21740,0.048500977
21741,0.06625737
21742,0.08776925
21743,0.022024665
21744,0.0
21745,0.0
21746,0.08001682
21747,0.0363937
21748,0.22339688
21749,0.0
21750,6880.571
21751,0.0
21752,0.0021083993
21753,0.011068625
21754,0.09380392
21755,0.0
21756,0.0
21757,0.048797157
21758,0.10370077
21759,0.010516355
21760,0.07276859
21761,0.10078097
21762,0.04222732
21763,0.038826406
21764,0.049597062
21765,0.0
21766,0.0
21767,0.029954424
21768,0.0
21769,0.31995338
21770,0.0
21771,0.23108031
21772,0.15878703
21773,0.0
21774,0.07370546
21775,0.0
21776,0.25609547
21777,0.051356368
21778,0.0
21779,0.14655963
21780,0.0706087
21781,0.025132839
21782,0.010017203
21783,0.0
21784,0.029061064
21785,0.0
21786,0.0063681863
21787,0.06440685
21788,0.04554362
21789,0.091098644
21790,0.06676022
21791,0.1337237
21792,0.0
21793,7883.675
21794,0.15126954
21795,0.0094771935
21796,0.019594263
21797,0.17695588
21798,0.015923271
21799,0.0
21800,0.05788372
21801,0.05568005
21802,0.0
21803,1386.1345
21804,0.020874193
21805,0.067666456
21806,0.33811417
21807,4738.229
21808,0.069740556
21809,0.009394489
21810,0.12944965
21811,0.032593958
21812,0.024664287
21813,0.0
21814,0.0
21815,0.0
21816,0.13689472
21817,0.04236703
21818,0.0
21819,0.14455144
21820,0.0
21821,0.015291512
21822,0.0
21823,0.0
21824,0.0
21825,0.0
21826,0.08718683
21827,0.15841752
21828,0.03325978
21829,0.15366949
21830,0.0
21831,0.0
21832,0.0
21833,0.08004152
21834,20992.38
21835,0.018829634
21836,0.0
21837,0.027553037
21838,0.00045779216
21839,0.035368025
21840,0.0
21841,0.0022168567
21842,0.0
21843,0.0
21844,0.0
21845,0.083052754
21846,0.0
21847,0.0076042507
21848,6530.3657
21849,0.0
21850,0.025626447
21851,0.0
21852,0.026000591
21853,0.0
21854,0.0
21855,0.054967236
21856,0.06489836
21857,0.0
21858,0.2897825
21859,0.0
21860,0.0
21861,0.0
21862,0.020047002
21863,0.04639904
21864,0.0
21865,0.0
21866,0.024567315
21867,0.16067295
21868,0.03411979
21869,0.06824467
21870,0.0
21871,0.0
21872,0.008649525
21873,0.09844631
21874,0.10041367
21875,0.0509876
21876,0.08318713
21877,0.0
21878,0.15534134
21879,0.0
21880,0.111214004
21881,0.021959962
21882,0.080387615
21883,0.0
21884,0.0
21885,0.1460294
21886,0.0
21887,0.001927409
21888,0.021985518
21889,0.106293514
21890,0.08041166
21891,0.14036444
21892,0.005860976
21893,0.0
21894,0.12712452
21895,0.0
21896,0.0
21897,0.0
21898,0.08843734
21899,0.09174562
21900,0.0073606386
21901,0.018860606
21902,0.11423577
21903,0.022835547
21904,0.049151342
21905,0.04264381
21906,0.0
21907,0.0
21908,0.006078995
21909,0.0379029
21910,0.0
21911,0.029865148
21912,0.063484035
21913,0.0
21914,0.080019906
21915,0.061000273
21916,0.123141095
21917,0.0
21918,0.114453845
21919,0.029677061
21920,0.0
21921,0.0
21922,0.0
21923,12180.339
21924,0.0
21925,0.05870578
21926,0.0018734772
21927,0.27325153
21928,0.0
21929,0.0
21930,0.14236434
21931,0.026149001
21932,0.0
21933,0.015972324
21934,0.0
21935,0.0
21936,0.17078891
21937,0.0020926546
21938,0.08303272
21939,0.04560918
21940,0.2210651
21941,0.21098499
21942,0.08120259
21943,0.0
21944,0.0
21945,0.32132468
21946,0.08974656
21947,0.002713714
21948,0.09387984
21949,0.07062644
21950,0.0
21951,0.05202358
21952,0.009220511
21953,0.018622398
21954,0.0065365867
21955,0.01883005
21956,0.021930845
21957,0.039627466
21958,0.005588856
21959,0.018414678
21960,0.14499962
21961,0.04743223
21962,0.02985073
21963,0.0
21964,0.0
21965,0.0832837
21966,0.0
21967,4861.831
21968,14812.7705
21969,0.0
21970,0.010745038
21971,0.0
21972,0.014140476
21973,0.07200902
21974,0.09067558
21975,0.098033115
21976,0.039179526
21977,0.02009517
21978,0.065915525
21979,0.041940417
21980,0.0
21981,0.0
21982,0.0
21983,0.04303019
21984,0.0
21985,0.03762812
21986,0.0869946
21987,0.023559308
21988,0.0
21989,0.057655543
21990,0.007104794
21991,0.014130785
21992,0.0
21993,0.054487232
21994,0.06661538
21995,0.10067238
21996,2921.9944
21997,0.038181134
21998,0.056767385
21999,0.053043783
22000,0.046144817
22001,0.07647769
22002,0.015481416
22003,0.0
22004,0.0
22005,0.0
22006,0.03737752
22007,0.043488447
22008,0.063035585
22009,0.02140084
22010,0.06709839
22011,0.12686205
22012,0.0
22013,0.0
22014,0.014879687
22015,0.059968527
22016,0.092406765
22017,0.1271107
22018,0.0028873885
22019,0.06265259
22020,0.09219178
22021,0.046697512
22022,0.05368816
22023,0.0
22024,0.01175704
22025,0.05919982
22026,0.034757778
22027,0.040546354
22028,0.14238463
22029,0.0008435694
22030,0.018135136
22031,0.017726103
22032,0.0
22033,0.009852195
22034,0.22491637
22035,0.051868383
22036,0.0
22037,0.04264812
22038,0.07083926
22039,0.031014664
22040,0.0
22041,0.026474912
22042,0.12121387
22043,0.0
22044,0.0
22045,0.12932576
22046,0.003445742
22047,0.0
22048,0.0
22049,0.019322414
22050,0.028792208
22051,0.060643867
22052,0.11893676
22053,0.07687645
22054,0.05116031
22055,0.0
22056,0.05170117
22057,0.023224134
22058,0.0
22059,0.072141185
22060,0.02427532
22061,0.0
22062,0.0
22063,0.0017661618
22064,0.04277363
22065,0.21501273
22066,269.6586
22067,0.094946004
22068,0.10538524
22069,0.11931992
22070,1821.7671
22071,0.12749025
22072,0.1861681
22073,0.15275276
22074,0.0
22075,0.15787446
22076,1.217843
22077,0.016913991
22078,0.11726729
22079,0.08593599
22080,0.042404223
22081,0.0
22082,0.05229909
22083,0.025835598
22084,0.0
22085,0.0
22086,0.0
22087,0.10293973
22088,0.0
22089,0.026857559
22090,0.00673544
22091,0.09856137
22092,0.16084243
22093,0.0
22094,0.0
22095,0.032598305
22096,0.115693584
22097,0.1296334
22098,0.023445712
22099,0.04606808
22100,0.13082203
22101,0.031216715
22102,0.13977805
22103,1.3948905
22104,0.059251107
22105,0.0
22106,0.0
22107,0.0
22108,0.11623045
22109,0.0
22110,0.042716887
22111,0.12113493
22112,0.14608774
22113,0.086213164
22114,0.030262066
22115,0.15839908
22116,0.052707374
22117,0.0007817284
22118,0.07528829
22119,0.17653465
22120,0.0
22121,2453.6487
22122,0.076603435
22123,0.06935814
22124,0.19531289
22125,0.0
22126,0.0
22127,0.10314826
22128,0.021979433
22129,0.20721391
22130,0.07320447
22131,0.20782515
22132,0.0
22133,0.171771
22134,0.29202592
22135,0.07024178
22136,10944.649
22137,0.0
22138,0.017129267
22139,0.16015695
22140,0.0
22141,0.0
22142,0.0
22143,0.13709886
22144,0.05780381
22145,0.015056448
22146,0.010812102
22147,0.13443516
22148,0.024663987
22149,0.25219446
22150,0.015549937
22151,0.0
22152,0.0
22153,0.25966105
22154,0.075061634
22155,0.063018575
22156,0.037539564
22157,0.0
22158,0.07856909
22159,0.021879772
22160,0.0
22161,0.0038188365
22162,0.0
22163,0.0477833
22164,0.1219341
22165,0.0
22166,0.0
22167,0.048049904
22168,3.497828e-05
22169,0.0
22170,0.0
22171,0.0
22172,0.07517978
22173,0.23731373
22174,0.0446863
22175,0.079359815
22176,0.035194207
22177,0.028750105
22178,0.0
22179,0.0
22180,0.0
22181,0.04094171
22182,0.060674265
22183,0.033180676
22184,0.0
22185,0.064072296
22186,0.08772046
22187,0.0
22188,0.056527957
22189,0.07088379
22190,0.0
22191,0.0
22192,0.04590312
22193,0.020102724
22194,0.0
22195,0.0
22196,0.0
22197,0.0
22198,0.0
22199,0.0
22200,3725.2935
22201,0.13429353
22202,0.016860174
22203,0.07038741
22204,0.055994567
22205,0.056111198
22206,0.071537904
22207,0.053854756
22208,0.049036168
22209,0.044624403
22210,0.0
22211,0.0023134882
22212,0.027327769
22213,0.0501108
22214,0.060209624
22215,0.055943675
22216,0.028877927
22217,0.033280384
22218,0.08797495
22219,0.06395324
22220,0.0
22221,0.011978866
22222,0.0
22223,0.0
22224,0.0
22225,0.15027389
22226,0.048242126
22227,0.0
22228,0.028524272
22229,0.0
22230,0.17458355
22231,0.051182937
22232,0.0
22233,0.012541753
22234,0.0
22235,0.0
22236,0.0
22237,0.08567103
22238,0.025950251
22239,0.0
22240,0.039305035
22241,12646.843
22242,1029.2804
22243,0.032112088
22244,0.04938977
22245,0.06699365
22246,0.25003517
22247,0.08347565
22248,0.050999478
22249,0.0
22250,0.0
22251,0.0021061643
22252,0.0
22253,0.0
22254,0.03317122
22255,0.17075627
22256,0.07302574
22257,3794.2576
22258,3891.3577
22259,7056.142
22260,3408.114
22261,5867.223
22262,3938.4792
22263,5014.1367
22264,5763.922
22265,4059.2546
22266,3195.1406
22267,5482.8354
22268,5652.887
22269,4081.787
22270,4932.746
22271,5722.742
22272,3287.9004
22273,4431.9185
22274,6312.126
22275,7328.866
22276,5291.102
22277,6850.605
22278,3191.5186
22279,5877.204
22280,2191.0598
22281,7731.061
22282,7665.8867
22283,8236.332
22284,5310.9434
22285,2667.6855
22286,3807.9526
22287,5475.8213
22288,6227.969
22289,4081.9663
22290,4845.4556
22291,3853.605
22292,5212.0625
22293,2525.6235
22294,6978.0625
22295,3951.3567
22296,5721.312
22297,6185.663
22298,3701.4822
22299,6790.6367
22300,5497.53
22301,4928.7104
22302,3711.0564
22303,6470.1016
22304,9212.162
22305,5784.526
22306,5417.939
22307,7150.6626
22308,5817.4316
22309,5036.032
22310,5636.788
22311,2327.5393
22312,3112.815
22313,4370.911
22314,6113.668
22315,8512.861
22316,6177.1084
22317,3963.4595
22318,7754.264
22319,6230.3516
22320,5006.743
22321,2970.8025
22322,11413.523
22323,2876.5183
22324,3234.3857
22325,5230.9785
22326,2865.3806
22327,5044.6333
22328,3066.496
22329,5466.85
22330,4871.4404
22331,4635.0103
22332,9275.411
22333,5367.7036
22334,4060.8928
22335,3217.147
22336,5030.943
22337,11667.385
22338,4627.4736
22339,3458.1328
22340,5408.33
22341,3803.9082
22342,6258.0703
22343,7386.144
22344,2321.466
22345,7610.228
22346,4631.837
22347,5688.1304
22348,7767.337
22349,2460.5195
22350,4324.867
22351,4269.1353
22352,6084.5166
22353,5904.0557
22354,3598.3997
22355,4119.1963
22356,6575.0664
22357,5468.66
22358,4280.6265
22359,4116.2583
22360,4066.3933
22361,4901.378
22362,4207.446
22363,3078.7017
22364,4642.8687
22365,5993.7246
22366,6098.7407
22367,6466.4126
22368,7031.566
22369,3711.0173
22370,7585.8276
22371,2958.5842
22372,1644.936
22373,6864.753
22374,6195.282
22375,6768.805
22376,8417.733
22377,6202.2056
22378,4333.1343
22379,6185.7637
22380,6482.017
22381,3547.2458
22382,2722.0913
22383,4568.6143
22384,4950.266
22385,4444.246
22386,2684.7205
22387,5419.381
22388,5526.283
22389,4761.14
22390,5368.4307
22391,2809.61
22392,5857.9736
22393,5875.4946
22394,3203.6987
22395,4424.2437
22396,3013.9607
22397,5125.4985
22398,2444.2805
22399,4165.244
22400,4809.1577
22401,6928.177
22402,4876.294
22403,4917.2993
22404,10556.806
22405,3581.547
22406,4371.228
22407,9442.652
22408,5489.4287
22409,7500.228
22410,5951.4087
22411,4847.226
22412,5019.137
22413,3013.4287
22414,4429.7754
22415,6795.464
22416,4067.0374
22417,2525.4705
22418,3184.1287
22419,6857.5215
22420,7938.932
22421,5791.6313
22422,5105.0786
22423,4183.9844
22424,1965.3818
22425,1886.1118
22426,3044.7734
22427,5547.2812
22428,6440.707
22429,4568.305
22430,3601.566
22431,7257.371
22432,6630.582
22433,6701.2
22434,4310.7974
22435,6533.263
22436,8495.147
22437,3963.6333
22438,4715.194
22439,4922.6494
22440,6502.13
22441,3027.086
22442,4599.2134
22443,4434.354
22444,7081.2905
22445,5732.3354
22446,6430.5786
22447,5874.7886
22448,4907.6465
22449,6876.1816
22450,17030.693
22451,7227.853
22452,4274.2896
22453,3853.2998
22454,5908.4614
22455,5897.859
22456,3725.4392
22457,8680.228
22458,14149.991
22459,4884.7246
22460,3174.2415
22461,9713.006
22462,2886.3691
22463,6348.608
22464,3690.4326
22465,5615.4565
22466,4196.619
22467,4857.77
22468,4607.3013
22469,4807.878
22470,8771.501
22471,5641.92
22472,5799.868
22473,5895.2266
22474,4718.1904
22475,4227.6455
22476,6941.909
22477,4962.634
22478,4961.6353
22479,3760.021
22480,3440.079
22481,4434.189
22482,4834.15
22483,4558.7197
22484,6588.3438
22485,9145.365
22486,4645.5845
22487,4660.164
22488,3849.288
22489,4116.651
22490,3861.1262
22491,5220.3765
22492,2859.3525
22493,8404.248
22494,4983.934
22495,6706.693
22496,4906.5747
22497,3828.3054
22498,2810.8513
22499,2839.6616
22500,7862.799
22501,5316.615
22502,4782.26
22503,12043.027
22504,6807.7446
22505,4542.7017
22506,5229.093
22507,2487.2502
22508,3907.5574
22509,3866.9758
22510,4451.187
22511,7467.215
22512,4019.4133
22513,7278.0073
22514,10148.519
22515,4920.3306
22516,4452.4526
22517,4238.423
22518,5131.1973
22519,4630.741
22520,10608.312
22521,5629.706
22522,6908.664
22523,3022.3105
22524,5537.538
22525,5397.142
22526,6571.7246
22527,5693.3306
22528,4680.403
22529,6436.4326
22530,4826.5425
22531,7411.74
22532,6065.9443
22533,6098.2983
22534,7192.5664
22535,6654.9185
22536,5933.5596
22537,3585.3074
22538,4179.345
22539,4726.1406
22540,7619.627
22541,5615.173
22542,5937.0356
22543,5431.0347
22544,7069.6626
22545,4569.4165
22546,5624.532
22547,5788.2236
22548,2869.1226
22549,9397.881
22550,13488.636
22551,6011.8804
22552,5693.336
22553,6560.7583
22554,8011.0034
22555,8032.25
22556,2799.8557
22557,4203.811
22558,5273.512
22559,7170.7427
22560,2844.0942
22561,4128.697
22562,4848.8584
22563,4127.9087
22564,4212.4375
22565,3119.3965
22566,2704.173
22567,6547.811
22568,3350.6675
22569,4091.4001
22570,4468.416
22571,4607.4155
22572,7662.663
22573,10184.697
22574,5668.0806
22575,5469.3228
22576,5628.1274
22577,9202.581
22578,4441.6226
22579,2799.9558
22580,4659.8574
22581,10578.224
22582,4072.0103
22583,6223.6934
22584,1956.3376
22585,3134.1707
22586,5817.382
22587,5585.6157
22588,4665.404
22589,8442.458
22590,7850.157
22591,6968.265
22592,4796.01
22593,8573.256
22594,1855.538
22595,3863.5469
22596,5726.0234
22597,4536.008
22598,10239.064
22599,2504.2605
22600,5178.938
22601,5812.529
22602,8566.733
22603,8813.969
22604,4884.785
22605,3063.5107
22606,9786.683
22607,8414.571
22608,4682.046
22609,4741.3213
22610,6875.1323
22611,5741.6216
22612,4359.8765
22613,3786.7437
22614,6477.7153
22615,4197.404
22616,11210.931
22617,7387.567
22618,12405.358
22619,6220.044
22620,4741.3804
22621,2059.4666
22622,5354.7656
22623,5052.5454
22624,4090.9358
22625,9020.824
22626,5034.6973
22627,2516.5676
22628,6230.625
22629,3585.321
22630,6694.716
22631,6152.905
22632,5185.0376
22633,6888.1157
22634,4427.5786
22635,6353.442
22636,6084.064
22637,5160.471
22638,5925.709
22639,3444.578
22640,9023.432
22641,4734.041
22642,3236.7378
22643,3736.8252
22644,6935.3706
22645,5295.5854
22646,4115.72
22647,5538.6157
22648,3631.1614
22649,5126.8433
22650,4713.8945
22651,7534.86
22652,3524.162
22653,3772.243
22654,5729.4985
22655,5004.528
22656,3169.1855
22657,4428.719
22658,7986.8184
22659,7644.5806
22660,9829.292
22661,6570.9663
22662,8248.863
22663,5987.7417
22664,4232.766
22665,9400.553
22666,8032.4263
22667,5687.23
22668,4513.383
22669,4991.246
22670,4533.966
22671,2231.6663
22672,9476.125
22673,5957.9287
22674,5759.646
22675,4719.0454
22676,1390.6768
22677,6385.9097
22678,4762.916
22679,372.1893
22680,3044.9158
22681,4706.0635
22682,5356.753
22683,4132.4634
22684,8545.01
22685,4317.2046
22686,3594.053
22687,3222.1104
22688,1239.715
22689,4838.329
22690,10891.292
22691,3061.8308
22692,5059.1523
22693,5001.8027
22694,3592.0994
22695,3199.1453
22696,4545.4717
22697,2680.6228
22698,7575.907
22699,4739.635
22700,2499.6965
22701,7508.71
22702,2367.8066
22703,3732.8955
22704,9788.223
22705,6434.6646
22706,8619.54
22707,2629.0867
22708,4778.589
22709,3670.7708
22710,4145.6465
22711,15744.989
22712,10393.628
22713,4967.01
22714,2330.129
22715,5075.8335
22716,4006.574
22717,2398.6145
22718,5965.987
22719,4354.735
22720,4702.994
22721,5885.2373
22722,4486.2085
22723,3704.1348
22724,3449.6355
22725,5955.946
22726,5986.343
22727,2967.7446
22728,4707.3296
22729,6697.622
22730,6587.6465
22731,4947.868
22732,5878.6675
22733,2208.6821
22734,8080.5137
22735,4541.246
22736,3150.0393
22737,3873.2039
22738,4794.935
22739,3560.5933
22740,5262.6533
22741,3469.1355
22742,4921.6445
22743,4454.296
22744,5895.7666
22745,7795.607
22746,5118.2827
22747,6616.191
22748,5802.9395
22749,2335.9175
22750,9305.122
22751,3152.9556
22752,3025.8706
22753,5424.8994
22754,8354.976
22755,9255.413
22756,3937.7468
22757,4518.0005
22758,4676.4937
22759,6228.4146
22760,4497.439
22761,7151.5493
22762,1937.2421
22763,3838.1746
22764,3413.574
22765,2844.9126
22766,2318.1526
22767,5493.9546
22768,5666.248
22769,5632.311
22770,5840.8115
22771,6660.0557
22772,7618.5005
22773,4152.462
22774,5062.503
22775,4741.4976
22776,7034.826
22777,3971.2139
22778,1875.6497
22779,5583.299
22780,5193.1006
22781,5173.384
22782,4913.2485
22783,3003.4097
22784,8192.402
22785,2612.0632
22786,8113.1807
22787,4870.632
22788,4106.0854
22789,6289.061
22790,3730.393
22791,3893.6377
22792,7376.0977
22793,2901.8528
22794,6573.1226
22795,8170.3193
22796,7017.201
22797,2136.8752
22798,4633.3438
22799,2958.2976
22800,2158.6294
22801,5285.13
22802,5913.8403
22803,4900.064
22804,4048.825
22805,4592.8345
22806,4119.2983
22807,7499.262
22808,4802.735
22809,4888.6777
22810,3745.726
22811,4574.1436
22812,4832.748
22813,5323.085
22814,5961.9937
22815,6534.827
22816,6227.7197
22817,5602.44
22818,5103.6426
22819,2608.5757
22820,5024.641
22821,8299.038
22822,6434.063
22823,7656.8984
22824,14971.976
22825,3109.114
22826,6002.4663
22827,3432.1138
22828,6935.6943
22829,8705.357
22830,5961.1064
22831,5921.161
22832,7123.474
22833,2358.5771
22834,4586.7314
22835,4518.996
22836,3154.9775
22837,4316.3564
22838,2906.2036
22839,2686.5676
22840,6239.1294
22841,15909.675
22842,5146.378
22843,3086.5476
22844,4187.614
22845,3955.5955
22846,5606.9253
22847,2893.8853
22848,5761.1406
22849,6373.648
22850,4222.555
22851,9365.829
22852,10822.525
22853,3935.8315
22854,4291.2026
22855,3480.2166
22856,3700.8784
22857,4539.0244
22858,7007.73
22859,3207.5244
22860,4245.897
22861,2740.2927
22862,4887.2227
22863,4073.8596
22864,5679.1094
22865,3020.797
22866,6873.7686
22867,5320.704
22868,4019.8926
22869,3539.0056
22870,3250.9788
22871,4991.284
22872,3510.104
22873,8856.778
22874,3835.532
22875,3491.7424
22876,6184.46
22877,1998.9373
22878,5244.0327
22879,4091.517
22880,5246.9146
22881,8318.16
22882,6967.534
22883,5693.3037
22884,3731.806
22885,4095.0273
22886,5362.402
22887,3625.7134
22888,4214.254
22889,5372.6313
22890,12464.193
22891,6624.0713
22892,4138.045
22893,5545.747
22894,4184.6587
22895,6009.3696
22896,5381.1807
22897,7852.5684
22898,6674.0015
22899,1747.145
22900,3180.7585
22901,2485.2185
22902,3287.2449
22903,16680.545
22904,1869.1741
22905,4396.167
22906,5116.9497
22907,5637.272
22908,5213.4595
22909,6773.4165
22910,4500.58
22911,4440.2246
22912,3041.1794
22913,7205.819
22914,3635.532
22915,5403.6064
22916,8031.3076
22917,2857.463
22918,6327.751
22919,5963.592
22920,3370.1934
22921,5673.2354
22922,7171.8574
22923,2467.9866
22924,8052.4775
22925,6308.412
22926,5704.953
22927,6932.3413
22928,7208.2183
22929,6177.0083
22930,3569.4897
22931,3957.6562
22932,6476.5293
22933,3382.4875
22934,6323.829
22935,2466.2847
22936,5417.417
22937,2781.9592
22938,5614.53
22939,4850.5747
22940,4526.4556
22941,4160.5347
22942,6403.525
22943,5069.2144
22944,6252.17
22945,5364.0645
22946,6073.025
22947,9126.788
22948,7189.4595
22949,3613.4763
22950,3975.8115
22951,5563.512
22952,3048.6594
22953,11623.436
22954,5398.9956
22955,5299.4663
22956,8130.8975
22957,5973.452
22958,2381.2615
22959,13791.857
22960,7700.8726
22961,5937.6753
22962,7138.88
22963,6159.6577
22964,7500.9863
22965,5632.94
22966,3976.8396
22967,3215.7324
22968,4357.3276
22969,6197.646
22970,2614.7063
22971,7329.272
22972,6058.127
22973,4583.132
22974,6179.713
22975,4688.8394
22976,5713.1265
22977,3375.4927
22978,4878.5737
22979,4538.912
22980,3627.3774
22981,6130.2695
22982,6265.034
22983,6415.752
22984,5323.877
22985,3307.4204
22986,4976.229
22987,6730.2944
22988,5649.195
22989,3002.7478
22990,3117.4954
22991,6869.0957
22992,5995.9375
22993,3731.119
22994,6841.672
22995,6049.281
22996,4606.7124
22997,3645.148
22998,1559.6045
22999,6677.599
23000,5822.017
23001,4838.749
23002,7816.4316
23003,6148.628
23004,3416.5059
23005,5102.182
23006,2803.1978
23007,1017.16223
23008,4790.3267
23009,8180.753
23010,4992.346
23011,4333.725
23012,2712.0674
23013,4282.219
23014,6497.9883
23015,4966.5786
23016,7799.2734
23017,3421.8323
23018,4500.7305
23019,3216.039
23020,6139.011
23021,3166.3357
23022,2311.7927
23023,4317.5835
23024,3370.7175
23025,5462.7637
23026,4038.1484
23027,4354.0244
23028,5014.883
23029,7106.1963
23030,4811.245
23031,3361.0847
23032,7688.469
23033,5994.4507
23034,5435.9014
23035,1971.123
23036,4314.158
23037,5333.3613
23038,4016.0254
23039,7368.8335
23040,6827.4023
23041,6234.1323
23042,6067.148
23043,5298.961
23044,7244.6177
23045,9450.996
23046,2947.393
23047,3553.254
23048,4525.4106
23049,5624.1455
23050,4838.32
23051,7935.268
23052,5321.039
23053,4923.279
23054,2287.9543
23055,5033.6455
23056,7044.374
23057,3190.234
23058,5815.7783
23059,2931.0374
23060,5370.8994
23061,5292.919
23062,4455.418
23063,5121.6914
23064,3965.1724
23065,4346.0947
23066,6443.951
23067,4552.7485
23068,7233.37
23069,4675.82
23070,7896.1367
23071,4872.249
23072,3596.4194
23073,7836.796
23074,2844.4158
23075,8814.802
23076,4720.32
23077,4522.3555
23078,5580.7217
23079,4190.9463
23080,3641.766
23081,8227.57
23082,2947.3354
23083,2536.1897
23084,5162.4795
23085,5510.797
23086,5151.363
23087,5036.0947
23088,4848.706
23089,3567.6685
23090,4441.6606
23091,2534.5051
23092,9812.207
23093,7275.5923
23094,7240.314
23095,4835.9116
23096,4796.193
23097,8602.235
23098,7645.04
23099,2830.282
23100,7483.15
23101,4888.8315
23102,5570.16
23103,5550.806
23104,4296.667
23105,2758.4883
23106,4456.0513
23107,3358.511
23108,2449.7378
23109,6213.835
23110,5255.776
23111,24162.072
23112,6395.1626
23113,4939.55
23114,7393.7354
23115,11413.546
23116,6787.159
23117,7091.0503
23118,6323.4067
23119,9374.292
23120,8160.366
23121,6738.304
23122,5687.577
23123,8983.844
23124,8769.543
23125,7385.4814
23126,8425.807
23127,7179.7217
23128,4748.907
23129,6739.1655
23130,10866.318
23131,9687.794
23132,8148.5054
23133,7582.3555
23134,4137.871
23135,6745.3906
23136,4565.5386
23137,8648.651
23138,11009.875
23139,10550.012
23140,6141.401
23141,5184.9883
23142,4262.97
23143,6369.0415
23144,9953.329
23145,7464.6367
23146,6348.6865
23147,6187.2153
23148,7637.2344
23149,3909.2239
23150,8882.199
23151,5272.552
23152,8571.171
23153,7537.203
23154,6502.3403
23155,10019.067
23156,8994.543
23157,6325.5483
23158,7110.956
23159,9277.783
23160,11309.465
23161,7682.898
23162,8431.587
23163,7845.374
23164,11046.437
23165,7986.3003
23166,9470.27
23167,5751.954
23168,6557.4175
23169,6259.0913
23170,7293.7197
23171,11964.057
23172,8894.645
23173,6131.258
23174,8778.832
23175,7682.3486
23176,9101.058
23177,4130.9536
23178,13507.946
23179,4715.7607
23180,6670.5073
23181,8942.202
23182,4689.5103
23183,6721.204
23184,7217.375
23185,7929.057
23186,6185.4746
23187,5750.7695
23188,10227.128
23189,7639.369
23190,6907.669
23191,5909.8364
23192,7620.7095
23193,13500.914
23194,7652.35
23195,5819.3574
23196,8772.981
23197,6110.6714
23198,6527.2334
23199,8779.084
23200,3950.0112
23201,8860.952
23202,4875.261
23203,9047.381
23204,9912.876
23205,4918.3457
23206,6317.059
23207,6796.663
23208,9841.685
23209,8042.5376
23210,5276.1943
23211,5152.4536
23212,8418.81
23213,7138.9004
23214,6610.7974
23215,9645.788
23216,8888.08
23217,8532.6875
23218,6357.558
23219,4744.5786
23220,7135.796
23221,9088.142
23222,7244.0166
23223,8537.775
23224,8410.775
23225,6773.488
23226,10388.049
23227,5599.7793
23228,3202.9868
23229,9927.532
23230,7820.4585
23231,10047.834
23232,10767.782
23233,9541.122
23234,6410.6445
23235,7693.868
23236,10645.621
23237,7595.326
23238,5067.1987
23239,5318.629
23240,8796.224
23241,6052.9863
23242,5041.3867
23243,8827.615
23244,3792.3396
23245,6787.431
23246,6463.921
23247,5588.771
23248,6967.142
23249,7971.316
23250,7604.38
23251,6403.812
23252,3048.139
23253,5827.2173
23254,3941.8057
23255,7090.056
23256,6694.1924
23257,9435.459
23258,8175.004
23259,7283.431
23260,14364.587
23261,5808.283
23262,5682.637
23263,10779.938
23264,8436.542
23265,10225.372
23266,7513.3447
23267,5635.3203
23268,6918.153
23269,6336.551
23270,7884.066
23271,10893.567
23272,8412.966
23273,3848.9722
23274,5092.5503
23275,8794.5625
23276,9248.557
23277,8150.8994
23278,6356.1636
23279,5411.9473
23280,5552.681
23281,3257.349
23282,4863.765
23283,7052.3604
23284,8991.318
23285,6665.47
23286,7230.2246
23287,9061.103
23288,9838.719
23289,8370.361
23290,6295.0986
23291,10335.542
23292,10855.97
23293,6582.3013
23294,7682.6636
23295,5896.841
23296,7332.069
23297,5149.4517
23298,6586.051
23299,6044.9956
23300,9675.227
23301,8724.251
23302,9176.139
23303,7501.5015
23304,6103.0234
23305,11126.968
23306,19887.326
23307,11295.688
23308,6350.146
23309,4176.384
23310,6650.7812
23311,8209.407
23312,6787.82
23313,12535.533
23314,22987.129
23315,5154.027
23316,5770.925
23317,11001.845
23318,5418.2334
23319,8350.466
23320,9536.528
23321,7516.4272
23322,5691.5444
23323,6231.992
23324,7897.945
23325,5948.6846
23326,12489.445
23327,7749.7246
23328,7006.9546
23329,3933.0767
23330,3002.6418
23331,4548.239
23332,8234.094
23333,7137.9404
23334,8039.0635
23335,7688.968
23336,6319.6562
23337,6360.2812
23338,7791.429
23339,7064.499
23340,9706.042
23341,9556.231
23342,5717.0625
23343,6831.115
23344,4680.885
23345,7359.1055
23346,7165.109
23347,6223.3613
23348,5008.8833
23349,18549.338
23350,7130.972
23351,10995.6875
23352,7253.5303
23353,7307.382
23354,5987.49
23355,5424.294
23356,10393.341
23357,7207.7573
23358,8031.2007
23359,16255.375
23360,9345.261
23361,6598.6074
23362,7572.75
23363,5011.818
23364,8058.0635
23365,4841.2056
23366,7423.35
23367,7897.3647
23368,5867.7656
23369,15543.091
23370,15084.763
23371,6651.3457
23372,7850.4043
23373,6351.0186
23374,7657.695
23375,5918.857
23376,6613.282
23377,7685.0967
23378,9004.397
23379,4979.8423
23380,7612.711
23381,7184.366
23382,10055.389
23383,8677.041
23384,6313.788
23385,8113.8384
23386,6880.19
23387,8948.098
23388,8582.337
23389,9131.455
23390,10026.515
23391,6796.4297
23392,9168.938
23393,6250.548
23394,5493.2
23395,6920.476
23396,14328.409
23397,7617.018
23398,8076.176
23399,8809.573
23400,9263.097
23401,5731.3237
23402,9573.172
23403,7464.6797
23404,4563.0874
23405,13430.92
23406,16922.828
23407,8229.272
23408,7451.676
23409,8829.61
23410,10338.253
23411,11399.631
23412,6409.55
23413,7186.943
23414,6338.243
23415,10150.726
23416,4164.156
23417,6443.183
23418,6605.2886
23419,7306.1064
23420,7668.593
23421,6060.56
23422,4890.6177
23423,8528.872
23424,4807.3965
23425,6025.825
23426,7316.0713
23427,6092.897
23428,9841.778
23429,10407.308
23430,7745.8525
23431,7266.341
23432,7404.8154
23433,12438.649
23434,7609.2993
23435,5670.9033
23436,5215.011
23437,10441.24
23438,4982.9927
23439,7619.1904
23440,3493.2183
23441,5134.115
23442,10416.463
23443,5078.817
23444,6818.753
23445,9329.444
23446,10429.934
23447,12708.46
23448,7360.8535
23449,12338.536
23450,3297.0593
23451,7686.922
23452,7007.0415
23453,5749.815
23454,9315.209
23455,5730.1763
23456,5869.434
23457,8411.289
23458,11243.43
23459,9717.537
23460,6596.9966
23461,6318.8906
23462,11097.389
23463,8447.259
23464,6046.818
23465,6549.4414
23466,8440.84
23467,10467.773
23468,5956.8945
23469,6527.831
23470,8787.896
23471,8637.794
23472,12562.738
23473,7668.3584
23474,12932.906
23475,8647.175
23476,6274.9917
23477,3596.4675
23478,5927.1675
23479,7885.0737
23480,6544.7954
23481,9709.431
23482,5946.262
23483,5021.695
23484,9869.725
23485,3966.803
23486,9124.315
23487,8397.581
23488,9807.632
23489,9486.678
23490,6814.696
23491,9783.957
23492,3495.5417
23493,5748.2026
23494,7426.912
23495,6005.3813
23496,10754.08
23497,7201.2085
23498,5065.6616
23499,7695.637
23500,9467.931
23501,7780.765
23502,7155.254
23503,8372.669
23504,5437.3843
23505,6897.4185
23506,7565.5093
23507,9802.461
23508,6176.1006
23509,7170.7153
23510,8567.746
23511,7203.5923
23512,5153.3237
23513,7082.81
23514,10792.304
23515,10139.134
23516,11027.783
23517,12214.855
23518,10004.048
23519,7626.7812
23520,5271.948
23521,10220.106
23522,12623.296
23523,9791.958
23524,8445.052
23525,8494.054
23526,6621.791
23527,3071.3562
23528,12379.923
23529,7930.8267
23530,6593.411
23531,7154.108
23532,3234.5554
23533,21589.982
23534,6949.488
23535,1771.3499
23536,4301.436
23537,5332.6187
23538,7716.8647
23539,8647.472
23540,8513.048
23541,5669.1943
23542,6282.6816
23543,4155.1006
23544,1334.9535
23545,7727.6846
23546,19624.469
23547,4968.967
23548,6749.677
23549,6978.628
23550,6782.972
23551,4943.702
23552,5944.64
23553,3946.6855
23554,7875.7007
23555,7798.5293
23556,4947.344
23557,10479.591
23558,6363.807
23559,5833.2285
23560,11962.744
23561,8577.141
23562,10840.873
23563,6358.0796
23564,7186.6143
23565,5427.1665
23566,5118.317
23567,13942.775
23568,11790.986
23569,7862.911
23570,5253.4453
23571,6338.848
23572,6966.9097
23573,4422.1167
23574,9313.024
23575,5625.3477
23576,6503.2524
23577,9103.297
23578,6364.281
23579,7285.9185
23580,6743.4224
23581,8945.956
23582,9494.671
23583,4362.2725
23584,6156.703
23585,9893.844
23586,10509.779
23587,8784.838
23588,7871.5703
23589,5088.918
23590,4715.1357
23591,5763.4927
23592,5409.816
23593,7193.959
23594,7617.4175
23595,5791.941
23596,7479.896
23597,6513.899
23598,4723.013
23599,6221.6577
23600,5403.7407
23601,8642.854
23602,8229.869
23603,11537.297
23604,7877.5864
23605,4545.6753
23606,12176.146
23607,5352.4473
23608,3900.835
23609,8071.7246
23610,10201.233
23611,10991.912
23612,5834.4194
23613,7048.447
23614,6489.9546
23615,7271.8804
23616,7300.5825
23617,9612.569
23618,2236.0825
23619,5989.627
23620,7329.4746
23621,6040.7417
23622,5817.4595
23623,7386.024
23624,9101.561
23625,6399.483
23626,9546.42
23627,8092.368
23628,9228.511
23629,6607.198
23630,7369.431
23631,7712.104
23632,9706.477
23633,6532.1104
23634,4091.888
23635,8679.383
23636,8633.461
23637,7679.052
23638,5572.413
23639,5325.162
23640,10170.621
23641,6617.327
23642,9797.834
23643,8155.332
23644,5674.1333
23645,9442.887
23646,6117.1973
23647,7206.08
23648,9180.726
23649,5769.89
23650,8650.746
23651,12519.2
23652,9044.1455
23653,5737.264
23654,6797.473
23655,5127.249
23656,3328.199
23657,9431.6
23658,7848.308
23659,8951.018
23660,5962.568
23661,7654.321
23662,7103.7905
23663,10105.923
23664,7262.4536
23665,6738.465
23666,6271.1206
23667,7939.1367
23668,5701.1777
23669,8698.361
23670,8897.249
23671,8678.034
23672,9404.176
23673,7274.766
23674,7328.957
23675,5211.481
23676,6829.213
23677,10471.608
23678,9067.699
23679,9441.148
23680,13683.006
23681,5637.401
23682,7566.13
23683,6199.5557
23684,8757.741
23685,10808.249
23686,7948.221
23687,8990.898
23688,8408.089
23689,6134.516
23690,8967.792
23691,6510.2964
23692,5195.9697
23693,6126.604
23694,4378.8696
23695,5863.603
23696,8937.385
23697,16232.478
23698,7386.4536
23699,5251.0806
23700,7264.8784
23701,5202.8237
23702,7464.1387
23703,5932.7617
23704,9604.056
23705,7399.04
23706,7434.9424
23707,13114.527
23708,13058.773
23709,5737.2803
23710,7325.0645
23711,3827.9292
23712,5366.8076
23713,6473.1143
23714,10111.303
23715,5066.3433
23716,6101.0444
23717,5070.3657
23718,6399.3423
23719,7043.514
23720,7188.3965
23721,3953.4832
23722,8643.505
23723,8385.912
23724,7693.34
23725,5022.7866
23726,5357.606
23727,7881.3745
23728,5815.357
23729,10515.564
23730,5074.551
23731,6267.15
23732,8288.889
23733,2557.1294
23734,5352.544
23735,6430.762
23736,7002.338
23737,10713.938
23738,9840.295
23739,6603.607
23740,4674.0586
23741,5894.237
23742,6774.903
23743,5110.9355
23744,6135.2476
23745,6586.145
23746,9930.591
23747,7630.783
23748,6457.044
23749,8094.63
23750,5121.5938
23751,8750.836
23752,6357.0366
23753,12773.361
23754,8347.193
23755,2804.4243
23756,5701.1343
23757,5304.21
23758,7251.095
23759,20360.459
23760,4002.3225
23761,5586.0527
23762,10084.798
23763,6436.893
23764,1344.2545
23765,9179.745
23766,6849.1216
23767,5553.1895
23768,5259.873
23769,10843.2
23770,6810.732
23771,5506.3467
23772,9324.196
23773,5619.8506
23774,7901.7646
23775,5221.258
23776,4526.287
23777,9619.301
23778,10423.052
23779,5558.277
23780,8220.589
23781,7657.147
23782,7435.446
23783,10935.613
23784,7705.656
23785,9210.256
23786,5441.836
23787,6658.862
23788,7040.881
23789,5297.5005
23790,9225.65
23791,4711.395
23792,8309.739
23793,5180.045
23794,7414.9785
23795,5951.6357
23796,6914.8745
23797,7481.223
23798,9239.828
23799,7219.833
23800,6991.38
23801,6954.607
23802,9457.569
23803,11179.752
23804,8019.841
23805,4095.2773
23806,7758.015
23807,8068.43
23808,4824.2827
23809,13622.302
23810,7983.4824
23811,6804.8037
23812,11687.332
23813,6077.9854
23814,4803.821
23815,23290.713
23816,10942.958
23817,6625.2275
23818,9557.845
23819,9379.452
23820,9041.972
23821,5971.3843
23822,6972.4473
23823,6295.0864
23824,7563.7773
23825,7781.7446
23826,4702.133
23827,8706.188
23828,8338.997
23829,6791.401
23830,8591.658
23831,6711.723
23832,6664.453
23833,6220.0376
23834,9235.246
23835,7276.529
23836,7344.885
23837,7091.158
23838,8298.745
23839,9584.675
23840,6619.732
23841,6298.3115
23842,7745.3574
23843,8083.89
23844,8043.1206
23845,4989.152
23846,4591.148
23847,7380.686
23848,8466.9
23849,6818.5776
23850,9129.766
23851,7487.0835
23852,6685.878
23853,5731.92
23854,3645.52
23855,8715.651
23856,7090.928
23857,7008.9736
23858,9297.803
23859,9249.104
23860,4988.6475
23861,8354.266
23862,4684.1455
23863,2613.2173
23864,7363.1357
23865,11860.51
23866,7613.9526
23867,7702.5034
23868,5500.9395
23869,7004.0815
23870,8668.852
23871,6565.453
23872,8525.968
23873,5008.6636
23874,5706.0903
23875,5788.29
23876,6306.2407
23877,5726.1274
23878,5446.5825
23879,8490.108
23880,4788.8696
23881,8128.517
23882,7430.2563
23883,6612.91
23884,6553.497
23885,8607.915
23886,6361.622
23887,6154.096
23888,12149.326
23889,7196.011
23890,7094.5205
23891,4380.424
23892,11086.608
23893,8262.305
23894,5800.333
23895,11646.272
23896,8210.324
23897,8116.292
23898,6937.3486
23899,7302.184
23900,9477.363
23901,14007.674
23902,5221.183
23903,4827.3716
23904,5570.994
23905,6891.309
23906,6924.8076
23907,8086.327
23908,9096.354
23909,6687.574
23910,4131.628
23911,7550.443
23912,10969.511
23913,5351.6353
23914,8778.623
23915,3985.0117
23916,8662.545
23917,8295.05
23918,7106.298
23919,8822.834
23920,7373.8535
23921,5112.642
23922,6792.483
23923,7465.6055
23924,9763.57
23925,7658.6953
23926,8985.463
23927,7010.578
23928,4841.672
23929,9118.887
23930,4912.8735
23931,10770.586
23932,6579.665
23933,5274.3726
23934,7152.6133
23935,7207.888
23936,6771.22
23937,11925.175
23938,4684.405
23939,5083.557
23940,8448.813
23941,8797.978
23942,5236.705
23943,6723.4614
23944,5728.5312
23945,6452.882
23946,6795.7686
23947,5709.6074
23948,9325.895
23949,10318.433
23950,11575.179
23951,5834.6587
23952,6874.562
23953,11016.944
23954,10452.489
23955,5809.946
23956,10184.493
23957,8114.8677
23958,7156.0938
23959,6761.398
23960,5315.6973
23961,5577.13
23962,6519.661
23963,6370.8765
23964,5214.33
23965,9316.08
23966,7250.8257
23967,24048.688
23968,8762.186
23969,4847.892
23970,8376.159
23971,11814.817
23972,7725.739
23973,7495.9653
23974,6338.201
23975,9662.113
23976,8770.898
23977,6148.968
23978,5957.0425
23979,8802.879
23980,9143.568
23981,7618.282
23982,8673.475
23983,7203.386
23984,4525.756
23985,6492.053
23986,10287.439
23987,10493.443
23988,10474.215
23989,8389.712
23990,5003.6685
23991,7426.5723
23992,4619.372
23993,8454.852
23994,10749.291
23995,11181.031
23996,6205.685
23997,5664.351
23998,5090.3403
23999,6056.885
24000,10212.38
24001,7634.3867
24002,6880.6035
24003,6084.0234
24004,8818.594
24005,4185.1216
24006,8600.603
24007,4956.489
24008,8420.207
24009,8133.139
24010,7294.6313
24011,10942.499
24012,9470.17
24013,6298.8823
24014,7745.3203
24015,10071.119
24016,12695.606
24017,6944.426
24018,8884.801
24019,8592.879
24020,11151.755
24021,7803.7007
24022,10080.364
24023,5849.018
24024,6717.4805
24025,6786.473
24026,7696.5767
24027,11770.189
24028,8530.426
24029,6196.5938
24030,8539.877
24031,7605.787
24032,10003.666
24033,4410.591
24034,13497.618
24035,4815.7173
24036,6882.632
24037,9003.315
24038,4798.389
24039,7559.45
24040,7354.867
24041,8450.28
24042,6170.5425
24043,5953.81
24044,9932.4
24045,7499.534
24046,7980.9014
24047,6183.127
24048,7694.4775
24049,13250.893
24050,7608.74
24051,5956.9233
24052,8140.877
24053,6220.483
24054,6175.871
24055,8201.144
24056,4182.5474
24057,9093.179
24058,5143.821
24059,8512.902
24060,9889.701
24061,4433.6562
24062,6107.35
24063,6159.781
24064,9846.172
24065,8191.254
24066,5165.3267
24067,5172.7075
24068,7964.127
24069,6589.796
24070,7056.916
24071,9450.779
24072,8817.483
24073,9009.276
24074,6438.0903
24075,4948.0425
24076,7157.022
24077,9002.997
24078,7232.7495
24079,8293.903
24080,8939.346
24081,6488.296
24082,10307.79
24083,6017.589
24084,3475.512
24085,10344.95
24086,7442.825
24087,10473.705
24088,9213.261
24089,9320.079
24090,6430.658
24091,7556.2925
24092,10437.695
24093,7734.38
24094,4948.732
24095,5906.889
24096,9035.144
24097,5594.302
24098,5085.759
24099,9370.761
24100,3868.0642
24101,6608.824
24102,6301.4844
24103,6163.413
24104,7429.144
24105,8278.76
24106,7811.982
24107,6203.1465
24108,3335.3342
24109,6406.2188
24110,3992.9568
24111,7238.284
24112,6085.254
24113,9765.936
24114,8289.3955
24115,7403.3325
24116,12936.063
24117,5917.903
24118,5731.0723
24119,10956.858
24120,8473.145
24121,9891.211
24122,7778.0938
24123,6380.9536
24124,7168.6636
24125,6419.0146
24126,8917.443
24127,13517.883
24128,8066.637
24129,3515.9788
24130,5187.803
24131,8679.872
24132,9118.348
24133,6913.7993
24134,7017.864
24135,5211.3965
24136,5871.635
24137,3423.3374
24138,5012.0903
24139,6893.801
24140,8631.683
24141,6668.497
24142,7547.109
24143,8815.196
24144,10269.726
24145,8405.378
24146,5901.2466
24147,10972.44
24148,10820.596
24149,6926.472
24150,8149.4536
24151,5998.197
24152,7576.5864
24153,4817.5874
24154,7085.797
24155,5621.2065
24156,9948.4795
24157,8781.294
24158,9816.036
24159,8530.775
24160,6029.5913
24161,9897.401
24162,21463.475
24163,12820.95
24164,6697.6284
24165,3812.3179
24166,6735.451
24167,9426.86
24168,5992.1294
24169,12870.716
24170,23511.615
24171,5145.7495
24172,8074.412
24173,11386.06
24174,5768.107
24175,9887.749
24176,10041.971
24177,8653.841
24178,5804.2295
24179,6037.8267
24180,7458.0044
24181,6440.8667
24182,12612.212
24183,7924.4224
24184,6980.5986
24185,3967.3706
24186,2790.9617
24187,4476.078
24188,7932.226
24189,6459.742
24190,7710.368
24191,8102.084
24192,6807.1665
24193,7025.358
24194,7930.464
24195,7705.626
24196,9416.193
24197,9361.944
24198,6058.497
24199,7147.744
24200,4574.846
24201,7598.4927
24202,7758.9697
24203,6223.0522
24204,5165.977
24205,18355.998
24206,8172.6807
24207,11604.395
24208,8006.8325
24209,7170.38
24210,6376.372
24211,5422.2354
24212,10445.065
24213,6633.9917
24214,8887.241
24215,18081.262
24216,9004.02
24217,7813.085
24218,6937.58
24219,4983.235
24220,8403.623
24221,5280.2773
24222,8153.901
24223,8820.655
24224,5863.922
24225,16827.533
24226,16514.352
24227,5971.4185
24228,7983.1016
24229,6570.3145
24230,8080.367
24231,6273.5615
24232,7405.9453
24233,8404.416
24234,10864.701
24235,5308.173
24236,8710.864
24237,6855.0103
24238,10728.602
24239,8218.111
24240,6552.1655
24241,8119.459
24242,6914.749
24243,9248.424
24244,9110.472
24245,8597.117
24246,10027.107
24247,6985.754
24248,9816.944
24249,6525.229
24250,5255.615
24251,7379.9326
24252,12582.02
24253,7258.7764
24254,8386.447
24255,8072.017
24256,9358.748
24257,5222.6777
24258,10875.421
24259,8089.3975
24260,4283.661
24261,14407.752
24262,18292.105
24263,8496.662
24264,7261.463
24265,9059.85
24266,11044.309
24267,11737.422
24268,6549.8413
24269,8138.3457
24270,6542.873
24271,9660.132
24272,4307.4307
24273,7004.6025
24274,6696.945
24275,7458.616
24276,8067.03
24277,6590.0347
24278,5203.6675
24279,8166.424
24280,4799.882
24281,5828.796
24282,6829.962
24283,6336.406
24284,9934.978
24285,10242.492
24286,8315.012
24287,7103.6006
24288,7486.527
24289,13025.475
24290,8469.815
24291,5854.561
24292,5360.4277
24293,10151.559
24294,4930.9585
24295,7471.1045
24296,3761.1113
24297,5464.984
24298,11906.616
24299,6300.9375
24300,7154.374
24301,9160.031
24302,11048.955
24303,14054.939
24304,7373.9663
24305,11536.384
24306,3481.0798
24307,7056.795
24308,6933.373
24309,5306.7354
24310,8898.879
24311,6102.4414
24312,6284.162
24313,8670.638
24314,12695.461
24315,10927.074
24316,6425.318
24317,6467.8926
24318,12356.907
24319,8526.424
24320,6835.6772
24321,5918.925
24322,8078.564
24323,12055.335
24324,5672.705
24325,7214.4014
24326,8865.618
24327,8648.602
24328,13391.689
24329,7684.144
24330,14307.012
24331,8056.9565
24332,6423.4917
24333,3972.0435
24334,6286.71
24335,7532.9917
24336,6357.1763
24337,8520.172
24338,5667.9775
24339,5160.0625
24340,10284.33
24341,3915.2434
24342,9337.233
24343,8184.21
24344,10279.3
24345,9227.798
24346,6739.519
24347,9825.421
24348,3559.021
24349,5779.2593
24350,6984.8613
24351,6341.527
24352,11368.1875
24353,7494.257
24354,5375.8145
24355,7771.1157
24356,10394.946
24357,7617.338
24358,7516.212
24359,9468.653
24360,5639.5146
24361,6898.122
24362,7907.887
24363,9333.138
24364,7163.585
24365,7463.1704
24366,7779.429
24367,7083.155
24368,5171.6123
24369,6417.772
24370,10799.789
24371,10187.884
24372,11409.758
24373,13607.045
24374,9833.212
24375,7745.0913
24376,5478.47
24377,10849.241
24378,12878.6
24379,8744.753
24380,8900.567
24381,8588.479
24382,6653.383
24383,3313.5818
24384,12573.263
24385,7811.252
24386,7151.2764
24387,7352.3003
24388,3512.8809
24389,5850.441
24390,6928.2695
24391,4950.4834
24392,4294.2656
24393,5661.753
24394,8208.617
24395,9174.274
24396,8132.193
24397,5842.2773
24398,5873.8696
24399,4529.872
24400,1411.4861
24401,7722.615
24402,20176.666
24403,5327.5244
24404,6845.908
24405,7442.0728
24406,7139.867
24407,5207.585
24408,5671.8013
24409,4274.7627
24410,7280.75
24411,8269.006
24412,5321.044
24413,10345.473
24414,6338.116
24415,6263.5166
24416,11801.99
24417,8501.551
24418,11664.047
24419,6731.3604
24420,7458.5166
24421,5196.123
24422,5326.6963
24423,15545.641
24424,11669.711
24425,7600.2905
24426,5459.8516
24427,5903.5884
24428,7294.0117
24429,4679.858
24430,12037.504
24431,5948.639
24432,6572.571
24433,9336.191
24434,5921.415
24435,7432.397
24436,7019.216
24437,8915.088
24438,9112.522
24439,4654.549
24440,6268.4834
24441,9875.459
24442,10932.433
24443,9151.613
24444,7888.97
24445,5177.19
24446,4643.52
24447,6215.5186
24448,5312.742
24449,7440.8804
24450,7975.7573
24451,6172.2256
24452,7883.517
24453,6642.939
24454,5721.023
24455,6294.144
24456,5672.034
24457,8056.196
24458,8131.9756
24459,11315.043
24460,7716.246
24461,4825.0376
24462,13297.127
24463,5894.299
24464,4267.661
24465,8888.683
24466,9630.547
24467,13416.938
24468,6317.752
24469,7067.694
24470,6640.3984
24471,7667.627
24472,7485.891
24473,9946.971
24474,2102.2678
24475,6937.7456
24476,7355.071
24477,6433.793
24478,5991.2095
24479,7771.3457
24480,9062.814
24481,6512.172
24482,10789.957
24483,8521.456
24484,9820.83
24485,6418.5127
24486,7601.436
24487,7986.4067
24488,10104.371
24489,6793.131
24490,5343.2754
24491,9389.755
24492,7995.6978
24493,8209.149
24494,5724.2163
24495,5021.776
24496,9948.109
24497,6945.2603
24498,10259.534
24499,8248.95
24500,6129.153
24501,9520.561
24502,6884.838
24503,6849.4355
24504,9485.339
24505,6930.206
24506,9509.407
24507,12442.481
24508,9387.472
24509,6138.3496
24510,6728.568
24511,4985.1606
24512,3526.8088
24513,9944.515
24514,6941.446
24515,9126.579
24516,5599.3306
24517,7491.5054
24518,7143.491
24519,10972.451
24520,6322.297
24521,6108.9
24522,6812.5186
24523,8488.263
24524,5226.7793
24525,9382.468
24526,9064.586
24527,8825.746
24528,8947.014
24529,7862.754
24530,7001.8975
24531,5607.6523
24532,5924.8784
24533,10673.376
24534,10156.508
24535,9922.401
24536,13865.095
24537,6090.695
24538,7900.868
24539,6849.442
24540,8993.96
24541,10326.654
24542,7513.9683
24543,8647.652
24544,8910.54
24545,6134.9487
24546,8680.89
24547,6390.0957
24548,7019.7246
24549,5705.459
24550,4567.4204
24551,6103.728
24552,9106.119
24553,18822.406
24554,7451.1
24555,5419.2207
24556,8400.249
24557,4976.96
24558,7023.71
24559,4987.967
24560,10057.758
24561,7430.8237
24562,7482.9927
24563,13902.7
24564,11376.453
24565,6367.2373
24566,7474.319
24567,4151.2935
24568,5537.501
24569,7106.671
24570,9696.548
24571,5230.784
24572,5643.626
24573,5338.186
24574,6617.2446
24575,7624.614
24576,7019.537
24577,4061.5593
24578,7968.4575
24579,8746.738
24580,8281.643
24581,5168.6533
24582,5250.4243
24583,8406.693
24584,5887.399
24585,10863.334
24586,5219.928
24587,5924.703
24588,8592.289
24589,7237.2417
24590,5371.3706
24591,6508.9927
24592,7413.2104
24593,10976.072
24594,10245.346
24595,6585.0957
24596,5075.1753
24597,6229.3535
24598,7082.405
24599,5358.8223
24600,6090.532
24601,7018.8745
24602,10201.01
24603,7921.906
24604,6260.124
24605,8676.884
24606,5314.0244
24607,9228.968
24608,6163.9067
24609,13471.087
24610,7579.5425
24611,2807.9072
24612,5950.943
24613,4815.093
24614,7740.2026
24615,18945.812
24616,4259.2104
24617,5074.42
24618,10809.93
24619,6443.257
24620,1405.4119
24621,9195.58
24622,6561.1523
24623,5294.5503
24624,5323.374
24625,10977.496
24626,6861.0347
24627,5881.8364
24628,9545.219
24629,5701.2974
24630,7530.7505
24631,5219.565
24632,4990.275
24633,9985.764
24634,10143.642
24635,5809.3247
24636,8444.681
24637,6836.0425
24638,7181.215
24639,10924.834
24640,7657.1104
24641,10305.048
24642,5140.971
24643,6488.6484
24644,7277.1743
24645,5413.1763
24646,9428.353
24647,5202.506
24648,8537.678
24649,5330.1167
24650,7232.8115
24651,6201.904
24652,7294.123
24653,7565.639
24654,8247.354
24655,7136.1978
24656,7219.144
24657,7415.983
24658,9393.66
24659,11299.298
24660,8445.728
24661,3801.0354
24662,7368.0747
24663,8186.0293
24664,5272.1094
24665,13199.732
24666,7726.122
24667,7391.951
24668,12448.298
24669,6348.971
24670,4899.6157
24671,20942.588
24672,11134.389
24673,7013.7485
24674,9816.822
24675,10535.452
24676,7580.7646
24677,6077.4287
24678,7016.1704
24679,6355.1816
24680,7352.7983
24681,7588.7583
24682,5031.903
24683,7454.036
24684,8307.307
24685,7020.267
24686,8530.556
24687,7158.08
24688,6975.547
24689,6627.0923
24690,9291.057
24691,7512.2344
24692,7357.9966
24693,7461.697
24694,8102.54
24695,9756.598
24696,6684.1753
24697,6487.553
24698,7116.072
24699,8463.009
24700,8556.3545
24701,5237.779
24702,6143.352
24703,7571.667
24704,8719.751
24705,6889.088
24706,9162.583
24707,7504.2065
24708,7379.623
24709,5781.801
24710,3913.8208
24711,8317.764
24712,7356.299
24713,7080.372
24714,9805.893
24715,9410.134
24716,4983.9575
24717,9054.719
24718,5134.561
24719,3075.7866
24720,8243.075
24721,13073.354
24722,8241.715
24723,7857.513
24724,5703.1196
24725,7063.3403
24726,9986.896
24727,6498.9673
24728,8773.316
24729,5492.713
24730,6051.872
24731,5702.6245
24732,5986.1997
24733,5762.031
24734,6251.383
24735,8118.863
24736,4762.9663
24737,8209.0
24738,7799.407
24739,6453.1836
24740,6783.8135
24741,8551.419
24742,6805.433
24743,6712.043
24744,11686.597
24745,7780.1567
24746,6777.9404
24747,5033.7417
24748,11351.968
24749,7990.125
24750,6023.9863
24751,11262.168
24752,8658.192
24753,8681.685
24754,7090.8945
24755,7701.7393
24756,8631.567
24757,14576.485
24758,5146.923
24759,4905.8213
24760,5530.5596
24761,7600.508
24762,6802.714
24763,9226.504
24764,10098.764
24765,6546.581
24766,4486.7134
24767,7945.129
24768,12062.857
24769,5907.3174
24770,6964.923
24771,3830.2415
24772,8244.876
24773,8670.439
24774,7456.6387
24775,10142.374
24776,7377.7793
24777,5015.433
24778,6940.7837
24779,7521.354
24780,9796.815
24781,7848.046
24782,8823.692
24783,7728.1562
24784,4879.034
24785,10109.847
24786,4920.166
24787,11245.682
24788,6389.1753
24789,4971.1855
24790,7458.9146
24791,7281.896
24792,6936.588
24793,12256.389
24794,4991.7983
24795,5243.4976
24796,8686.944
24797,9312.278
24798,5217.788
24799,5776.74
24800,6327.95
24801,7494.228
24802,7201.7446
24803,6175.553
24804,10015.552
24805,10484.0
24806,12503.747
24807,5366.8945
24808,7044.5957
24809,11591.938
24810,10215.926
24811,6002.329
24812,11242.314
24813,7957.741
24814,6517.5283
24815,6549.4165
24816,5470.251
24817,6206.4546
24818,6606.3916
24819,6230.863
24820,5659.5337
24821,10121.501
24822,8119.529
24823,27272.94
24824,7993.5703
24825,4481.4526
24826,9064.63
24827,10389.782
24828,6461.961
24829,8001.4424
24830,5584.247
24831,9369.832
24832,8652.166
24833,6131.3394
24834,6330.262
24835,7886.029
24836,8163.1455
24837,7806.001
24838,7875.626
24839,6664.345
24840,4315.278
24841,5874.878
24842,11140.6455
24843,11396.261
24844,11368.958
24845,8686.538
24846,5295.626
24847,5540.914
24848,4617.8213
24849,9108.057
24850,10680.342
24851,9933.859
24852,6808.8354
24853,6422.8423
24854,5106.5107
24855,5573.035
24856,11201.216
24857,7529.9746
24858,5225.239
24859,5402.9365
24860,8326.034
24861,3341.7932
24862,7383.4956
24863,4262.169
24864,6655.6104
24865,6980.133
24866,6008.011
24867,8255.042
24868,8379.739
24869,6570.728
24870,7887.135
24871,8138.3457
24872,11786.646
24873,6589.0166
24874,9307.669
24875,8376.295
24876,10162.603
24877,6577.036
24878,10304.074
24879,5320.44
24880,5684.1714
24881,7252.8247
24882,5825.3
24883,9970.166
24884,7171.536
24885,5398.707
24886,7194.3433
24887,6264.867
24888,9808.773
24889,4537.133
24890,15076.349
24891,5464.1655
24892,5935.4443
24893,9832.611
24894,4441.589
24895,7456.2188
24896,7101.2095
24897,8951.675
24898,6171.2075
24899,5515.3667
24900,8602.457
24901,6445.6294
24902,8350.14
24903,5195.2856
24904,6462.676
24905,10901.27
24906,6210.8784
24907,5342.4346
24908,7522.4155
24909,5026.7744
24910,5209.488
24911,6532.9824
24912,4752.9087
24913,7927.9604
24914,4354.12
24915,8367.192
24916,9786.664
24917,4925.717
24918,6387.914
24919,5726.193
24920,9037.359
24921,7719.8237
24922,4912.9297
24923,5511.664
24924,7315.1084
24925,5974.563
24926,5839.5474
24927,8276.842
24928,7531.6553
24929,7542.2876
24930,5694.596
24931,5407.2827
24932,6380.241
24933,7200.0615
24934,8348.635
24935,8723.319
24936,9333.138
24937,5901.134
24938,9217.374
24939,6594.826
24940,3662.6804
24941,8886.436
24942,6705.043
24943,11592.093
24944,9511.9375
24945,8031.4224
24946,5240.2925
24947,8152.851
24948,8717.057
24949,6680.504
24950,4410.692
24951,6221.0645
24952,7947.069
24953,6066.7085
24954,5607.396
24955,9673.963
24956,3403.257
24957,6029.5225
24958,5506.504
24959,6266.576
24960,8368.445
24961,7017.2144
24962,6965.9395
24963,5489.324
24964,2807.334
24965,6500.623
24966,3695.9639
24967,6042.326
24968,5619.1323
24969,8042.3843
24970,6853.232
24971,6140.0596
24972,10593.177
24973,6075.07
24974,4736.6655
24975,11554.476
24976,6940.029
24977,8417.003
24978,8246.197
24979,5812.473
24980,5823.75
24981,5611.0713
24982,9340.654
24983,12242.334
24984,6955.31
24985,3232.6245
24986,4658.4575
24987,9280.075
24988,9931.671
24989,6387.25
24990,7355.2534
24991,4538.7993
24992,5284.006
24993,3715.3281
24994,5665.1133
24995,5663.7085
24996,7601.487
24997,6980.379
24998,7668.0586
24999,8592.035
25000,8522.147
25001,7144.561
25002,4923.2554
25003,9839.61
25004,11884.187
25005,6436.6045
25006,8589.24
25007,6172.8735
25008,7759.947
25009,4289.1772
25010,7793.778
25011,5980.544
25012,8609.59
25013,7310.5117
25014,8495.617
25015,7942.939
25016,5008.6157
25017,9526.119
25018,20425.613
25019,12108.884
25020,7377.934
25021,3784.3748
25022,7123.0596
25023,10615.781
25024,5952.7427
25025,12684.508
25026,20302.326
25027,4320.3765
25028,7460.8003
25029,9024.06
25030,4785.5405
25031,10536.356
25032,8379.651
25033,8929.393
25034,5042.228
25035,5604.5244
25036,6883.5117
25037,5246.9146
25038,11105.075
25039,6160.351
25040,5807.4688
25041,3664.8857
25042,2500.3691
25043,3990.1963
25044,6992.2334
25045,6061.2427
25046,6623.3447
25047,8711.546
25048,5777.0547
25049,6108.6494
25050,6717.224
25051,6335.9644
25052,7784.157
25053,8211.772
25054,5544.737
25055,5807.685
25056,3787.6216
25057,7561.426
25058,6108.521
25059,5874.665
25060,4291.8535
25061,19870.377
25062,8574.598
25063,10115.431
25064,6870.8384
25065,5835.633
25066,6826.119
25067,4577.596
25068,11770.784
25069,5615.1406
25070,7087.02
25071,14830.907
25072,7847.709
25073,7517.4165
25074,5208.6284
25075,5538.003
25076,8833.267
25077,5223.44
25078,7209.944
25079,7144.2544
25080,6112.6245
25081,19637.426
25082,14646.33
25083,4897.7183
25084,7263.569
25085,5655.163
25086,6858.7446
25087,7053.053
25088,6062.885
25089,7993.723
25090,9697.806
25091,5003.5874
25092,8748.299
25093,5399.6807
25094,9428.235
25095,7364.702
25096,7038.309
25097,7062.8013
25098,6219.2075
25099,9894.174
25100,7367.0205
25101,7093.5396
25102,11086.556
25103,5822.411
25104,9959.673
25105,5783.0034
25106,5445.372
25107,5905.5654
25108,11832.331
25109,5791.6753
25110,8269.842
25111,7171.6455
25112,10127.256
25113,4410.002
25114,8253.688
25115,7937.5693
25116,3713.3723
25117,15793.478
25118,15717.593
25119,7120.5054
25120,8098.499
25121,10016.717
25122,11487.031
25123,9862.563
25124,7223.814
25125,8152.128
25126,6638.8345
25127,8658.374
25128,4620.8086
25129,7361.619
25130,5892.9893
25131,6484.695
25132,8515.33
25133,5583.7407
25134,5485.519
25135,6918.582
25136,4114.6562
25137,5834.737
25138,6299.213
25139,7182.057
25140,8812.111
25141,8740.051
25142,6730.0376
25143,5983.9106
25144,6255.4805
25145,10676.583
25146,8985.608
25147,6410.877
25148,5135.9717
25149,8685.636
25150,3989.0698
25151,7765.24
25152,3828.3127
25153,5988.987
25154,9828.401
25155,6713.522
25156,6208.894
25157,7684.774
25158,11190.975
25159,11488.148
25160,6646.095
25161,9549.771
25162,3788.5466
25163,6733.672
25164,7046.9883
25165,5682.9136
25166,9593.757
25167,6710.3403
25168,5048.701
25169,9193.589
25170,12053.853
25171,8962.131
25172,5700.498
25173,5260.967
25174,11784.949
25175,7108.162
25176,7190.7827
25177,5327.001
25178,7113.6016
25179,10965.87
25180,4895.9575
25181,7478.897
25182,8044.724
25183,9838.015
25184,14439.543
25185,6246.2627
25186,14668.768
25187,7636.987
25188,5224.272
25189,4004.0447
25190,7294.652
25191,6411.953
25192,5721.6777
25193,7167.358
25194,4885.419
25195,5568.986
25196,8165.357
25197,3514.785
25198,7583.1436
25199,7092.8765
25200,9202.134
25201,9697.594
25202,6180.232
25203,8535.309
25204,3038.7666
25205,5638.4443
25206,6046.541
25207,5276.446
25208,10413.046
25209,5998.0654
25210,5526.858
25211,8605.337
25212,10256.687
25213,8159.588
25214,7254.9346
25215,9782.791
25216,4632.539
25217,6716.1094
25218,6808.29
25219,9377.959
25220,6844.387
25221,6756.1826
25222,6533.7427
25223,6042.7124
25224,4610.9727
25225,5438.494
25226,8870.245
25227,8904.134
25228,11963.041
25229,12915.501
25230,8248.77
25231,7021.5527
25232,4702.272
25233,11880.48
25234,11439.047
25235,7997.2007
25236,9760.516
25237,9697.473
25238,5885.709
25239,2743.2354
25240,10503.616
25241,7363.656
25242,8097.186
25243,6505.852
25244,2994.6433
25245,6369.716
25246,5797.966
25247,8093.6885
25248,3937.6377
25249,5385.951
25250,6797.7197
25251,8954.057
25252,7134.0605
25253,5560.647
25254,4862.1836
25255,5169.181
25256,1155.9761
25257,8126.176
25258,18895.053
25259,5717.166
25260,6918.978
25261,8544.407
25262,5918.1797
25263,5891.955
25264,4809.832
25265,5183.6875
25266,6196.3223
25267,4497.4087
25268,4347.766
25269,9429.423
25270,5633.112
25271,5370.4434
25272,10105.72
25273,9187.663
25274,11802.936
25275,5728.6787
25276,7040.7266
25277,4795.31
25278,5068.4795
25279,17077.977
25280,10571.617
25281,5935.518
25282,5592.8613
25283,5150.159
25284,6477.95
25285,5098.485
25286,9212.127
25287,5336.7607
25288,5683.857
25289,7574.9316
25290,5128.452
25291,6544.1147
25292,7041.9956
25293,7771.368
25294,9086.191
25295,5119.1763
25296,5460.2266
25297,8730.511
25298,9284.342
25299,9536.364
25300,6774.5347
25301,4652.4004
25302,3883.7888
25303,6599.552
25304,4581.7026
25305,8013.5405
25306,8625.009
25307,6542.2676
25308,6444.818
25309,5770.7705
25310,7400.7695
25311,5513.8203
25312,4767.516
25313,7689.1514
25314,7308.023
25315,10494.475
25316,6618.1978
25317,5280.6953
25318,13115.166
25319,6464.4697
25320,5190.9614
25321,8081.177
25322,9057.992
25323,12032.258
25324,5129.0444
25325,5793.648
25326,5521.2407
25327,8317.756
25328,7530.578
25329,10351.139
25330,2123.824
25331,8106.7607
25332,7434.6304
25333,5628.4766
25334,4961.3325
25335,6353.9634
25336,8338.567
25337,5689.742
25338,9886.505
25339,7680.1064
25340,8277.236
25341,5369.378
25342,7514.0186
25343,7020.9033
25344,8525.488
25345,7471.903
25346,4655.9785
25347,7676.2397
25348,6590.6064
25349,8542.802
25350,5172.1206
25351,4286.7104
25352,8583.745
25353,7517.4595
25354,9932.817
25355,6912.131
25356,6462.799
25357,8845.702
25358,7575.8135
25359,7534.623
25360,9121.21
25361,7374.6416
25362,9354.375
25363,11960.098
25364,8687.607
25365,5096.6567
25366,5864.364
25367,4561.151
25368,3843.2195
25369,10308.124
25370,6020.89
25371,9680.238
25372,4601.701
25373,6388.3467
25374,6495.4536
25375,11518.111
25376,5514.935
25377,5336.135
25378,6835.795
25379,6845.543
25380,4876.6104
25381,7570.4175
25382,7537.117
25383,8192.246
25384,7563.6475
25385,7683.198
25386,5655.3843
25387,4665.893
25388,5400.814
25389,12534.35
25390,10074.06
25391,8725.824
25392,15111.171
25393,6808.647
25394,7161.6997
25395,7785.739
25396,9455.819
25397,8876.576
25398,6522.4727
25399,7420.299
25400,9130.009
25401,5166.7754
25402,7192.1685
25403,6589.84
25404,6271.282
25405,5186.6504
25406,5030.6265
25407,6876.0244
25408,8982.198
25409,19915.398
25410,6554.4346
25411,4556.9155
25412,9097.282
25413,3721.3228
25414,6142.0103
25415,4656.858
25416,8477.833
25417,6168.53
25418,6283.275
25419,11412.969
25420,12831.336
25421,6847.4497
25422,6371.2773
25423,3415.6748
25424,5130.4146
25425,5791.0957
25426,8548.377
25427,5568.3804
25428,4928.024
25429,5368.697
25430,5869.7476
25431,8079.5737
25432,7748.069
25433,3535.348
25434,6746.6646
25435,9535.209
25436,8453.457
25437,5734.851
25438,5828.19
25439,9148.375
25440,5075.4316
25441,11096.869
25442,4163.615
25443,5409.4546
25444,7560.8203
25445,6460.272
25446,4902.037
25447,5632.881
25448,7316.3784
25449,9367.768
25450,11192.085
25451,10838.837
25452,4809.9834
25453,5126.232
25454,6264.15
25455,5473.79
25456,6385.4404
25457,5652.17
25458,8855.705
25459,7660.792
25460,5140.6133
25461,7986.087
25462,5187.62
25463,9910.891
25464,5964.5703
25465,14742.175
25466,7295.0415
25467,2427.374
25468,6761.791
25469,3886.624
25470,6624.836
25471,15268.893
25472,4752.6143
25473,5321.79
25474,11016.304
25475,7844.162
25476,1340.9442
25477,7904.8403
25478,7245.972
25479,4433.593
25480,4714.0605
25481,9468.49
25482,6381.0205
25483,4914.486
25484,8184.124
25485,4799.062
25486,6728.6255
25487,4194.69
25488,4358.8574
25489,8571.915
25490,8498.583
25491,5437.2495
25492,8549.787
25493,5721.9287
25494,5948.599
25495,8619.441
25496,6255.146
25497,11178.568
25498,4496.298
25499,4901.8735
25500,10062.718
25501,4580.715
25502,8290.637
25503,6730.3394
25504,8602.892
25505,5862.1997
25506,6016.9233
25507,6856.8545
25508,7867.585
25509,7043.87
25510,6939.612
25511,6477.74
25512,7756.9497
25513,6779.7056
25514,10418.5
25515,9634.396
25516,8663.321
25517,3266.7034
25518,6518.318
25519,6642.6284
25520,4923.0347
25521,10670.688
25522,6371.8003
25523,7838.792
25524,10790.986
25525,7605.526
25526,4684.856
25527,18313.908
25528,10090.137
25529,5546.5513
25530,9377.145
25531,8616.548
25532,5963.6943
25533,6600.685
25534,7680.326
25535,5911.7534
25536,6375.6606
25537,7581.336
25538,5483.819
25539,7339.723
25540,7888.782
25541,7842.965
25542,9886.25
25543,5925.3193
25544,7638.6406
25545,4997.2964
25546,7864.6514
25547,7788.5464
25548,6073.1235
25549,8322.541
25550,6782.157
25551,8279.0205
25552,6761.1396
25553,5599.7153
25554,6193.3853
25555,8395.059
25556,6806.6733
25557,4534.476
25558,5655.2603
25559,7430.5186
25560,7061.03
25561,6047.96
25562,8809.843
25563,6028.4297
25564,8496.468
25565,5906.9565
25566,4205.74
25567,7821.659
25568,7305.6255
25569,7600.769
25570,9877.371
25571,9412.557
25572,5575.396
25573,9190.88
25574,4169.06
25575,2795.7173
25576,8045.1924
25577,11292.316
25578,8622.92
25579,8078.988
25580,5373.415
25581,7780.795
25582,10899.294
25583,6994.955
25584,8570.084
25585,5738.939
25586,5002.0938
25587,4739.671
25588,6365.452
25589,6520.563
25590,6568.203
25591,7052.623
25592,4005.0684
25593,7098.372
25594,8928.618
25595,5472.5005
25596,6963.9995
25597,6851.2583
25598,6109.943
25599,5894.7993
25600,9646.386
25601,8130.9287
25602,5551.6904
25603,5513.1787
25604,12878.722
25605,6687.874
25606,6578.881
25607,9224.4
25608,8020.1772
25609,8894.348
25610,5923.5107
25611,6328.3726
25612,9656.135
25613,13446.607
25614,6209.6997
25615,5524.818
25616,5512.5737
25617,7609.865
25618,5586.5166
25619,11273.302
25620,10549.579
25621,5303.871
25622,4830.8813
25623,6892.256
25624,12406.139
25625,6438.5386
25626,7308.1904
25627,4211.694
25628,7211.8975
25629,8279.763
25630,7877.271
25631,8414.739
25632,6574.27
25633,4121.747
25634,5465.401
25635,7358.481
25636,8119.7607
25637,8124.223
25638,7332.649
25639,6593.3794
25640,4240.1333
25641,10715.236
25642,4288.6
25643,11551.864
25644,5244.1777
25645,4379.9683
25646,7386.32
25647,6336.2065
25648,7945.553
25649,11823.08
25650,4739.576
25651,5465.031
25652,7655.5986
25653,9158.433
25654,4493.2236
25655,5310.6343
25656,5728.3125
25657,7078.569
25658,5651.8413
25659,6782.3574
25660,11032.717
25661,8873.461
25662,11303.157
25663,4524.219
25664,7155.452
25665,10133.749
25666,8403.831
25667,6677.414
25668,8539.787
25669,6825.9893
25670,5665.6426
25671,5740.0063
25672,6182.9556
25673,5045.6875
25674,5936.5825
25675,5492.5923
25676,6229.9834
25677,10958.249
25678,6438.416
25679,21017.602
25680,6999.834
25681,4745.896
25682,7738.9404
25683,11058.665
25684,6819.4814
25685,7037.933
25686,5678.855
25687,9626.497
25688,9371.315
25689,6155.8516
25690,5344.0503
25691,8198.555
25692,8519.709
25693,6740.233
25694,8503.838
25695,7298.5005
25696,4822.948
25697,6268.0107
25698,9449.266
25699,9555.912
25700,10429.556
25701,7758.822
25702,4934.8164
25703,6074.6353
25704,4973.064
25705,8063.368
25706,8952.102
25707,11557.396
25708,5710.2173
25709,4512.75
25710,4091.2595
25711,6358.498
25712,9579.84
25713,6515.4897
25714,5496.0776
25715,6259.611
25716,9286.3
25717,3733.7537
25718,8114.8447
25719,4716.269
25720,7287.837
25721,7765.3735
25722,6134.7324
25723,8877.829
25724,9257.382
25725,7574.1733
25726,6712.139
25727,8585.366
25728,10369.616
25729,6687.6445
25730,10708.708
25731,8532.6875
25732,11777.578
25733,7542.6978
25734,9398.061
25735,5806.04
25736,6565.2466
25737,6436.015
25738,6276.201
25739,10894.118
25740,8323.256
25741,6034.194
25742,7852.1567
25743,6936.9185
25744,8964.636
25745,3702.3438
25746,12752.327
25747,4515.2217
25748,6535.669
25749,8610.961
25750,4808.515
25751,6704.058
25752,5954.2305
25753,7798.559
25754,5534.3115
25755,6165.53
25756,10225.723
25757,7303.835
25758,7252.4927
25759,5655.6914
25760,6957.2544
25761,12087.676
25762,6772.2925
25763,5339.994
25764,7753.6655
25765,5455.812
25766,5501.27
25767,7182.297
25768,4009.9502
25769,9059.435
25770,4803.179
25771,8413.632
25772,9305.787
25773,4132.692
25774,5277.286
25775,6450.864
25776,9629.711
25777,8462.613
25778,5427.3784
25779,4745.5474
25780,8459.837
25781,6500.5483
25782,6503.5874
25783,9130.244
25784,8583.844
25785,8544.595
25786,6389.669
25787,4568.222
25788,7081.3647
25789,7712.229
25790,9674.544
25791,7195.2354
25792,7758.2075
25793,6432.7686
25794,9434.263
25795,5339.108
25796,3085.632
25797,9904.484
25798,6947.447
25799,10237.883
25800,8636.764
25801,8862.575
25802,5818.009
25803,7148.2075
25804,9364.936
25805,7969.6357
25806,4881.879
25807,5472.7305
25808,9000.542
25809,5150.508
25810,4510.2715
25811,7961.719
25812,3899.823
25813,6508.614
25814,5934.397
25815,5127.831
25816,7469.679
25817,7629.0225
25818,7840.3022
25819,6082.9497
25820,2911.4067
25821,5625.396
25822,4784.4404
25823,6663.455
25824,6102.7905
25825,8871.286
25826,7912.942
25827,7076.4355
25828,12241.388
25829,6800.8457
25830,5023.956
25831,10251.425
25832,7628.564
25833,9405.925
25834,7010.986
25835,4915.9956
25836,6449.504
25837,6154.1606
25838,8056.434
25839,13627.721
25840,7712.8467
25841,3828.8677
25842,4961.716
25843,7702.6353
25844,7990.3154
25845,7585.263
25846,6474.954
25847,4957.581
25848,6034.856
25849,3230.0444
25850,4919.1855
25851,6185.097
25852,8314.067
25853,8091.056
25854,6392.6255
25855,6805.135
25856,8755.168
25857,7692.3716
25858,5476.02
25859,10664.717
25860,9772.514
25861,6983.529
25862,7184.784
25863,5291.819
25864,6617.693
25865,4791.131
25866,8792.256
25867,5371.473
25868,9812.282
25869,8067.007
25870,9255.607
25871,9109.907
25872,5298.966
25873,10372.831
25874,19364.424
25875,11128.273
25876,6619.2524
25877,4271.579
25878,5988.33
25879,9067.699
25880,5808.8374
25881,12769.549
25882,20535.623
25883,4982.2275
25884,8126.424
25885,9856.762
25886,5256.503
25887,9577.738
25888,9477.281
25889,7590.054
25890,5176.385
25891,6824.355
25892,7163.271
25893,5706.662
25894,12256.704
25895,6853.8794
25896,6120.0044
25897,4032.2783
25898,2953.1785
25899,4412.8506
25900,7864.096
25901,6516.385
25902,7417.426
25903,7463.021
25904,6615.882
25905,7298.981
25906,7335.713
25907,6975.0146
25908,8512.4795
25909,8810.212
25910,6268.22
25911,6313.0835
25912,4264.434
25913,6484.126
25914,7029.903
25915,6523.5674
25916,4818.5063
25917,16968.63
25918,7143.246
25919,10959.367
25920,7856.037
25921,6364.7905
25922,5710.2446
25923,4683.5244
25924,9938.863
25925,6201.265
25926,8116.1143
25927,16299.884
25928,8333.209
25929,6514.744
25930,5672.44
25931,4709.0947
25932,7711.493
25933,4612.09
25934,8236.953
25935,8011.561
25936,5193.4077
25937,16774.879
25938,17075.322
25939,5537.5537
25940,8476.475
25941,6413.1274
25942,7476.2725
25943,6272.299
25944,6974.3096
25945,6651.162
25946,11673.54
25947,5755.2583
25948,7420.2563
25949,5746.388
25950,10081.816
25951,7792.492
25952,5942.3726
25953,7772.7246
25954,6607.381
25955,8574.899
25956,8062.007
25957,7829.885
25958,9407.836
25959,6237.7964
25960,11490.373
25961,6395.4004
25962,5518.382
25963,6752.8647
25964,13026.568
25965,6412.705
25966,6908.4004
25967,8581.78
25968,8510.15
25969,4663.4326
25970,10177.676
25971,7435.1694
25972,4088.088
25973,12620.996
25974,12361.175
25975,7915.765
25976,6878.1953
25977,8928.03
25978,9556.168
25979,10968.476
25980,6289.1567
25981,6789.419
25982,5835.071
25983,9230.896
25984,3936.008
25985,6596.814
25986,6771.582
25987,7287.378
25988,7557.287
25989,6334.6655
25990,4634.0244
25991,7561.354
25992,4663.0234
25993,6037.435
25994,7088.5347
25995,6239.6826
25996,9536.219
25997,9788.661
25998,7529.7593
25999,6413.3843
26000,6865.028
26001,11876.957
26002,7296.6006
26003,5355.317
26004,5600.9385
26005,9494.707
26006,4406.0874
26007,6711.9917
26008,3282.131
26009,5086.1133
26010,11085.636
26011,7337.029
26012,6905.9565
26013,8251.492
26014,9453.989
26015,12947.16
26016,6716.9614
26017,10594.015
26018,3162.502
26019,7038.061
26020,5663.2383
26021,5793.7974
26022,8090.6704
26023,5567.2915
26024,5684.762
26025,8032.7095
26026,13208.2705
26027,9620.513
26028,6355.436
26029,5958.0996
26030,11856.087
26031,7349.3066
26032,6401.925
26033,6196.056
26034,7663.24
26035,12329.701
26036,5397.94
26037,6177.456
26038,8776.639
26039,8389.144
26040,12964.386
26041,6944.671
26042,12934.411
26043,7852.906
26044,5806.3335
26045,3370.5117
26046,6391.016
26047,7240.625
26048,6437.206
26049,7493.556
26050,5364.366
26051,4669.976
26052,9463.904
26053,3910.85
26054,8798.036
26055,7912.052
26056,10379.155
26057,8336.93
26058,6504.0093
26059,9625.579
26060,3549.8083
26061,6360.1846
26062,6662.8706
26063,5789.9575
26064,11389.23
26065,6895.0635
26066,6382.408
26067,7151.6787
26068,8776.379
26069,7219.089
26070,7940.765
26071,8122.1855
26072,5050.705
26073,6898.971
26074,7869.754
26075,7424.8726
26076,6524.9116
26077,7282.5557
26078,7329.5654
26079,6743.017
26080,4955.912
26081,5657.24
26082,9542.105
26083,9429.846
26084,10293.996
26085,12180.676
26086,8955.321
26087,7392.4023
26088,5132.563
26089,10453.377
26090,12620.827
26091,8646.605
26092,8245.277
26093,8414.314
26094,6776.4927
26095,3314.508
26096,12172.036
26097,8039.746
26098,7090.847
26099,7315.3945
26100,3380.823
26101,5157.071
26102,6878.924
26103,10138.08
26104,4033.2708
26105,5884.0474
26106,7657.3735
26107,10023.713
26108,7802.7256
26109,5824.561
26110,5610.606
26111,4404.251
26112,1269.8605
26113,6737.2695
26114,19218.705
26115,4829.4023
26116,5910.919
26117,7453.6377
26118,6587.9043
26119,5040.2275
26120,5221.3325
26121,4565.5215
26122,7401.8213
26123,6502.3594
26124,5081.5693
26125,10167.236
26126,7040.713
26127,5914.63
26128,11054.151
26129,7774.2593
26130,12028.22
26131,6459.9087
26132,7915.9014
26133,5268.947
26134,5630.8447
26135,14433.389
26136,11986.945
26137,6526.966
26138,6382.329
26139,5636.202
26140,7175.162
26141,4241.9014
26142,9620.824
26143,5880.894
26144,6640.3228
26145,8014.1597
26146,5517.982
26147,7331.852
26148,8307.782
26149,8444.826
26150,9012.603
26151,4393.8066
26152,5917.57
26153,9162.085
26154,10598.351
26155,8171.7534
26156,7339.429
26157,5136.79
26158,4193.4297
26159,6632.8594
26160,5236.2305
26161,6669.8965
26162,7526.607
26163,5691.463
26164,7236.5996
26165,6421.9663
26166,7913.908
26167,6040.8105
26168,5105.381
26169,8020.682
26170,9139.131
26171,10412.112
26172,6869.875
26173,4362.21
26174,11149.16
26175,5501.7266
26176,4239.203
26177,8901.459
26178,8698.975
26179,12248.77
26180,5742.739
26181,6424.601
26182,6383.821
26183,7019.035
26184,5923.3867
26185,8772.764
26186,2396.0654
26187,6474.2563
26188,6533.431
26189,6188.6553
26190,5819.985
26191,7186.895
26192,9298.663
26193,6404.148
26194,10749.958
26195,8754.033
26196,9278.526
26197,5663.0815
26198,7975.1562
26199,7915.365
26200,9583.011
26201,6097.339
26202,4067.088
26203,7836.37
26204,6972.7134
26205,7108.6772
26206,5659.2695
26207,4933.3154
26208,9743.309
26209,6532.1787
26210,8638.47
26211,7953.37
26212,5439.5527
26213,7754.242
26214,6625.4805
26215,9111.958
26216,10479.631
26217,6367.426
26218,10506.532
26219,10100.228
26220,9509.0625
26221,5930.934
26222,6827.161
26223,4853.4165
26224,3400.6738
26225,8974.885
26226,6598.0913
26227,8642.137
26228,5233.2646
26229,6205.715
26230,7121.8027
26231,9999.077
26232,6022.9463
26233,5771.5303
26234,5856.499
26235,7882.9834
26236,5245.4785
26237,7687.9487
26238,8331.715
26239,8532.582
26240,8095.5337
26241,6640.082
26242,6136.693
26243,5208.479
26244,5759.5747
26245,10657.02
26246,8087.245
26247,9126.64
26248,12499.062
26249,6200.017
26250,8119.591
26251,6773.8496
26252,8098.4297
26253,9969.414
26254,7260.5835
26255,8535.439
26256,7957.4756
26257,5992.7583
26258,8115.65
26259,5410.239
26260,6856.7695
26261,5576.002
26262,4318.63
26263,5938.5366
26264,7852.7407
26265,18798.35
26266,7176.5107
26267,4827.6753
26268,7794.4546
26269,4164.3027
26270,6683.729
26271,5204.258
26272,9145.706
26273,6581.027
26274,7148.044
26275,12792.612
26276,10062.978
26277,5816.261
26278,6690.4326
26279,3303.5576
26280,5495.113
26281,6387.518
26282,9248.38
26283,4716.6157
26284,5159.703
26285,6092.287
26286,6382.5117
26287,6869.1084
26288,6571.411
26289,3528.5015
26290,7314.404
26291,8154.0254
26292,7464.7935
26293,4961.9004
26294,4781.306
26295,7974.335
26296,5880.0693
26297,9535.272
26298,4685.5713
26299,5908.9346
26300,8503.456
26301,7583.4478
26302,5248.7617
26303,6105.5854
26304,8095.433
26305,10152.963
26306,9580.534
26307,5844.289
26308,5421.5522
26309,5784.9067
26310,7301.5435
26311,4702.3794
26312,7042.9966
26313,6416.713
26314,9726.392
26315,8813.355
26316,5517.945
26317,8217.955
26318,6006.51
26319,7520.5073
26320,6618.1094
26321,12998.768
26322,7326.8394
26323,2720.056
26324,5508.516
26325,4456.213
26326,7437.0063
26327,17526.248
26328,4128.015
26329,3662.1353
26330,9317.493
26331,6683.946
26332,1533.2096
26333,8844.774
26334,6365.7495
26335,5058.414
26336,5691.4897
26337,10929.982
26338,6715.7314
26339,5467.0693
26340,9123.098
26341,5380.929
26342,7238.65
26343,4665.39
26344,4554.929
26345,9719.131
26346,9235.396
26347,5899.1865
26348,7368.0464
26349,6273.1787
26350,6248.658
26351,10505.17
26352,6943.3525
26353,9399.423
26354,4972.3237
26355,6464.266
26356,7598.674
26357,6005.1294
26358,9144.65
26359,6112.059
26360,7519.3955
26361,5097.7896
26362,6892.5386
26363,5812.5728
26364,6737.3145
26365,7631.9844
26366,7862.206
26367,7251.801
26368,6682.116
26369,7375.7104
26370,9112.827
26371,10581.342
26372,8887.775
26373,3573.834
26374,7610.584
26375,7642.423
26376,5776.713
26377,11698.518
26378,7304.225
26379,7005.685
26380,11954.201
26381,6692.654
26382,5175.383
26383,22386.697
26384,11011.766
26385,6196.8716
26386,11089.357
26387,10096.145
26388,7064.5127
26389,5802.8784
26390,6508.4277
26391,6673.562
26392,7358.2285
26393,6158.036
26394,4597.7964
26395,8567.82
26396,6495.714
26397,6608.7485
26398,8546.135
26399,6561.246
26400,6521.8506
26401,5778.653
26402,7826.413
26403,6450.384
26404,6514.9805
26405,7133.8564
26406,8004.534
26407,9149.902
26408,5794.737
26409,6556.7104
26410,6674.7207
26411,6665.5786
26412,7801.3345
26413,4918.6836
26414,6194.065
26415,8546.257
26416,7413.755
26417,6699.085
26418,7943.977
26419,6731.174
26420,6655.896
26421,5159.964
26422,3512.7
26423,8781.27
26424,6247.687
26425,7033.0415
26426,11003.587
26427,9902.358
26428,4788.787
26429,8120.373
26430,4892.251
26431,3121.4297
26432,6885.7705
26433,13165.534
26434,7168.2397
26435,6907.4385
26436,6503.035
26437,6777.7983
26438,10485.22
26439,6248.1875
26440,9790.79
26441,4807.7905
26442,5794.394
26443,5657.7363
26444,5317.345
26445,5425.3135
26446,5697.4756
26447,7442.4917
26448,4627.619
26449,7852.516
26450,7841.776
26451,6061.5083
26452,5796.821
26453,7261.588
26454,7214.8076
26455,6794.8677
26456,10462.254
26457,6584.0723
26458,5914.833
26459,4524.2324
26460,12291.472
26461,7404.9424
26462,5836.88
26463,10358.427
26464,8386.928
26465,7908.2417
26466,6485.4927
26467,7157.95
26468,8894.679
26469,15275.986
26470,5227.761
26471,4781.4204
26472,4544.171
26473,6526.555
26474,5981.782
26475,9058.778
26476,8546.616
26477,6278.2725
26478,4041.397
26479,7471.1826
26480,8008.5205
26481,4711.5884
26482,8629.814
26483,4810.2495
26484,7990.369
26485,9415.754
26486,6749.941
26487,9658.897
26488,7770.745
26489,4542.1167
26490,5952.782
26491,7228.3286
26492,9098.142
26493,6796.754
26494,8043.8496
26495,7417.348
26496,4620.703
26497,9402.8125
26498,5104.991
26499,9554.409
26500,5787.4287
26501,4815.01
26502,8395.771
26503,7242.0825
26504,9610.314
26505,10575.833
26506,4659.3154
26507,4509.725
26508,9192.046
26509,7836.2803
26510,4868.876
26511,6005.96
26512,6578.6987
26513,7481.5728
26514,6402.285
26515,5795.1235
26516,9121.792
26517,9655.075
26518,13295.288
26519,5165.672
26520,6119.129
26521,10412.162
26522,9434.568
26523,5981.0117
26524,9890.249
26525,7997.719
26526,6585.4224
26527,6294.8765
26528,5252.458
26529,5888.887
26530,7365.9033
26531,6379.9795
26532,5528.582
26533,9320.213
26534,6562.4355
26535,23423.545
26536,8222.58
26537,5647.11
26538,8446.59
26539,12926.666
26540,8698.229
26541,8584.245
26542,6940.466
26543,11628.847
26544,11869.121
26545,7864.239
26546,6014.163
26547,10677.714
26548,10341.222
26549,7589.8228
26550,10832.284
26551,9031.603
26552,6190.403
26553,8242.108
26554,11104.2705
26555,9897.901
26556,11855.488
26557,9753.388
26558,4833.513
26559,7662.663
26560,6086.972
26561,9061.915
26562,11419.414
26563,13120.57
26564,6915.303
26565,4750.9644
26566,3238.2388
26567,8252.586
26568,11750.358
26569,7486.2554
26570,7547.757
26571,7879.563
26572,9229.558
26573,4221.327
26574,9983.469
26575,6219.884
26576,10264.046
26577,9824.185
26578,7507.564
26579,11811.866
26580,12411.772
26581,9353.902
26582,7488.162
26583,10625.86
26584,12419.694
26585,8163.0596
26586,12009.993
26587,9188.785
26588,14055.221
26589,9596.41
26590,11386.982
26591,7278.139
26592,7747.766
26593,6767.0625
26594,8069.3613
26595,13478.965
26596,10554.058
26597,7707.412
26598,10231.342
26599,8865.204
26600,10336.034
26601,4394.1963
26602,14913.359
26603,5171.7754
26604,8011.2705
26605,9787.195
26606,5791.681
26607,7968.9595
26608,7376.435
26609,9563.608
26610,6706.9746
26611,7936.8955
26612,13450.147
26613,8812.801
26614,7898.517
26615,7466.5024
26616,8402.966
26617,15588.325
26618,8110.8057
26619,7043.8433
26620,9677.414
26621,6542.505
26622,7076.9556
26623,9002.259
26624,4496.7695
26625,11665.037
26626,5677.03
26627,10225.587
26628,11427.172
26629,4444.441
26630,6442.12
26631,8048.792
26632,12469.711
26633,10328.703
26634,6847.254
26635,5639.278
26636,10570.004
26637,7925.934
26638,8139.9453
26639,10851.114
26640,10195.329
26641,10765.975
26642,8243.178
26643,4970.759
26644,9137.937
26645,9324.517
26646,10550.313
26647,8903.2
26648,9418.564
26649,7782.138
26650,12156.037
26651,5939.902
26652,3583.8916
26653,13282.8545
26654,8916.959
26655,11632.529
26656,9985.43
26657,11469.023
26658,7518.449
26659,7980.2163
26660,12668.972
26661,10091.619
26662,5693.6675
26663,5654.4995
26664,11601.627
26665,6216.9062
26666,5079.563
26667,9500.495
26668,4128.015
26669,7812.794
26670,7344.6113
26671,6037.205
26672,8092.7
26673,9410.582
26674,10256.53
26675,8225.467
26676,4416.999
26677,6646.425
26678,5710.648
26679,8275.342
26680,8442.063
26681,10974.43
26682,9797.301
26683,8815.306
26684,15496.199
26685,7933.278
26686,6324.903
26687,11024.839
26688,9448.301
26689,12265.217
26690,7474.2905
26691,5721.6396
26692,8066.853
26693,7570.3164
26694,9302.025
26695,17063.715
26696,9368.732
26697,4734.3027
26698,6059.641
26699,9019.955
26700,9329.81
26701,8425.67
26702,7500.7
26703,5973.053
26704,7195.9766
26705,3457.8953
26706,5143.1343
26707,8129.269
26708,10646.464
26709,9455.991
26710,7277.2925
26711,8161.518
26712,11414.221
26713,9946.099
26714,7313.5947
26715,12510.618
26716,12669.611
26717,8725.591
26718,7505.631
26719,6098.9443
26720,7993.9897
26721,6952.1665
26722,10497.728
26723,6890.034
26724,11328.552
26725,10031.67
26726,10437.576
26727,10291.159
26728,6862.167
26729,13280.372
26730,21715.414
26731,13822.461
26732,7653.102
26733,5010.747
26734,7357.0073
26735,9645.613
26736,7768.7964
26737,13180.987
26738,23736.988
26739,6020.3276
26740,10442.336
26741,12192.45
26742,6639.917
26743,10854.033
26744,12740.973
26745,9465.899
26746,5894.1865
26747,8293.286
26748,9780.3
26749,6899.9517
26750,15924.962
26751,8802.216
26752,7871.788
26753,5640.6177
26754,4260.242
26755,6096.513
26756,10153.554
26757,8397.934
26758,9624.578
26759,8682.157
26760,7861.8765
26761,7733.834
26762,9477.58
26763,8995.496
26764,11072.67
26765,11728.704
26766,6553.597
26767,7599.8916
26768,5638.3154
26769,7580.0127
26770,8423.106
26771,8721.821
26772,6022.3203
26773,19576.316
26774,8863.488
26775,13589.912
26776,9032.111
26777,8499.216
26778,6781.4326
26779,5894.5293
26780,11388.655
26781,7984.6245
26782,9165.991
26783,18958.574
26784,10398.199
26785,7242.8076
26786,7509.698
26787,5341.018
26788,8943.977
26789,5105.6875
26790,9845.844
26791,8898.132
26792,6034.9595
26793,19743.209
26794,18662.977
26795,7235.6475
26796,10629.438
26797,7811.4155
26798,9218.121
26799,6398.8906
26800,8787.587
26801,7736.918
26802,14207.531
26803,6512.6875
26804,8410.374
26805,7067.1475
26806,12492.853
26807,10442.455
26808,7093.6816
26809,9725.094
26810,7407.8037
26811,10684.835
26812,10255.288
26813,9617.843
26814,11878.679
26815,7830.669
26816,13773.033
26817,7222.4985
26818,7205.3516
26819,8808.062
26820,18252.252
26821,8339.832
26822,8288.589
26823,10748.328
26824,10621.817
26825,6075.1973
26826,10400.431
26827,8212.626
26828,5290.2793
26829,14342.314
26830,21474.264
26831,10285.821
26832,8179.996
26833,9397.424
26834,10860.981
26835,13360.243
26836,6935.913
26837,8083.3657
26838,6964.471
26839,11473.061
26840,4433.191
26841,7080.5405
26842,8640.81
26843,9260.782
26844,8744.295
26845,7869.138
26846,5581.2915
26847,10012.753
26848,6102.709
26849,8007.2065
26850,8955.107
26851,7383.453
26852,12524.324
26853,13080.338
26854,9022.718
26855,8313.243
26856,8892.786
26857,14860.514
26858,8337.327
26859,5825.344
26860,6242.034
26861,12349.839
26862,5388.87
26863,8154.3755
26864,3814.122
26865,5609.0005
26866,11705.46
26867,6996.3096
26868,8762.077
26869,10141.958
26870,11342.975
26871,15971.796
26872,8347.432
26873,13110.863
26874,3577.2517
26875,9094.142
26876,6663.5825
26877,7066.959
26878,7498.5757
26879,6230.857
26880,7033.7124
26881,9285.706
26882,13965.001
26883,11874.442
26884,7780.921
26885,7338.596
26886,13875.717
26887,9213.604
26888,6672.7026
26889,8081.9707
26890,9712.895
26891,14193.432
26892,6825.169
26893,7158.2305
26894,10731.999
26895,9726.772
26896,12653.008
26897,9033.042
26898,14038.688
26899,10530.138
26900,7529.996
26901,3518.5522
26902,6459.9946
26903,8875.645
26904,8460.458
26905,9160.634
26906,6738.42
26907,5359.824
26908,10982.617
26909,4914.008
26910,10963.56
26911,10026.313
26912,12198.01
26913,10058.966
26914,8768.271
26915,11260.042
26916,4239.9834
26917,7697.3843
26918,8210.559
26919,6872.621
26920,12454.746
26921,8738.875
26922,7537.0522
26923,8444.367
26924,10798.307
26925,8073.873
26926,10041.999
26927,9468.03
26928,6071.866
26929,7344.1772
26930,10106.655
26931,8268.446
26932,7164.938
26933,9230.781
26934,9555.43
26935,8784.159
26936,6340.7046
26937,7527.5835
26938,12711.83
26939,11285.027
26940,12138.046
26941,14220.273
26942,11675.322
26943,8933.192
26944,6076.9766
26945,11567.089
26946,15573.287
26947,10871.8125
26948,9533.945
26949,9754.951
26950,8144.061
26951,3985.407
26952,14547.626
26953,10259.817
26954,7800.7686
26955,9265.252
26956,5035.6816
26957,6005.857
26958,9174.318
26959,11244.17
26960,4779.022
26961,6477.759
26962,9297.856
26963,12550.954
26964,9582.197
26965,7126.831
26966,7194.0757
26967,4692.6562
26968,1490.7588
26969,7802.7183
26970,21793.965
26971,3013.2305
26972,7038.5107
26973,8160.6543
26974,8038.0054
26975,6032.8184
26976,6776.641
26977,4515.8076
26978,9400.947
26979,8016.3843
26980,6089.3765
26981,13357.211
26982,8597.527
26983,7457.371
26984,14248.28
26985,9285.068
26986,11770.952
26987,8109.1733
26988,8839.225
26989,6585.165
26990,6848.1157
26991,15148.747
26992,16001.298
26993,8114.752
26994,7382.045
26995,7153.1523
26996,8551.6875
26997,4500.9795
26998,10906.417
26999,6582.722
27000,7981.221
27001,11001.551
27002,7203.627
27003,8776.84
27004,9465.438
27005,10868.764
27006,11806.223
27007,5066.957
27008,7655.3066
27009,11931.648
27010,13260.122
27011,9580.534
27012,9116.574
27013,6477.901
27014,5208.693
27015,7111.661
27016,6073.3955
27017,7559.825
27018,8651.927
27019,6763.0684
27020,9249.324
27021,7806.12
27022,6728.991
27023,7761.2197
27024,6262.9253
27025,9987.325
27026,11629.601
27027,13678.413
27028,8116.8574
27029,4918.519
27030,13233.679
27031,6099.212
27032,4417.597
27033,9442.076
27034,11233.933
27035,11439.243
27036,6870.963
27037,8029.998
27038,7731.282
27039,7777.9824
27040,7402.5273
27041,10798.285
27042,2643.8867
27043,7108.6504
27044,7727.559
27045,7918.144
27046,7260.0986
27047,9218.4375
27048,11993.486
27049,7561.217
27050,11915.192
27051,11264.983
27052,12335.3125
27053,7102.889
27054,9766.112
27055,10740.314
27056,12433.027
27057,6956.876
27058,4770.4277
27059,9018.794
27060,10494.274
27061,8521.765
27062,6201.7026
27063,5719.4624
27064,12153.093
27065,7387.652
27066,10060.636
27067,9957.745
27068,5889.9434
27069,9431.743
27070,7323.7373
27071,11484.961
27072,11955.262
27073,7268.4062
27074,12839.317
27075,12210.208
27076,10301.805
27077,7052.1924
27078,8309.161
27079,6416.9883
27080,3671.944
27081,11066.473
27082,8660.183
27083,9939.261
27084,6717.897
27085,8105.686
27086,9366.115
27087,10276.064
27088,8042.4688
27089,7181.8174
27090,7645.1206
27091,9600.091
27092,7321.886
27093,9846.8955
27094,9989.278
27095,9572.551
27096,10541.492
27097,7868.823
27098,7607.144
27099,6137.284
27100,7342.545
27101,12402.755
27102,9850.521
27103,11501.118
27104,12857.195
27105,6624.9116
27106,10455.262
27107,7189.775
27108,9807.95
27109,13065.202
27110,9323.484
27111,10539.864
27112,9556.824
27113,7389.5825
27114,10880.774
27115,6283.125
27116,8823.818
27117,7553.5186
27118,4852.2036
27119,7097.465
27120,9509.987
27121,19728.451
27122,8618.586
27123,5731.6904
27124,8658.184
27125,6364.669
27126,8791.72
27127,5727.3345
27128,12014.816
27129,8493.405
27130,8680.153
27131,15686.22
27132,10291.336
27133,6653.6177
27134,8167.421
27135,4691.725
27136,6233.514
27137,7701.144
27138,12721.957
27139,3104.9524
27140,6753.148
27141,7102.822
27142,8502.41
27143,7664.5415
27144,8171.613
27145,4005.355
27146,9320.399
27147,9345.342
27148,8795.108
27149,6203.105
27150,5790.781
27151,9324.694
27152,7032.6323
27153,10953.139
27154,6113.662
27155,7697.0317
27156,10181.87
27157,9013.42
27158,6322.122
27159,8071.1396
27160,9661.634
27161,12657.703
27162,11163.396
27163,7658.1255
27164,6410.473
27165,7006.1997
27166,9099.573
27167,5361.491
27168,8981.401
27169,7943.1284
27170,11793.967
27171,11107.882
27172,7120.7363
27173,9834.459
27174,7102.0356
27175,8673.747
27176,7025.083
27177,14696.536
27178,9998.048
27179,3584.2952
27180,6664.1035
27181,5712.865
27182,9193.721
27183,21634.793
27184,5024.7993
27185,4033.898
27186,10890.077
27187,6931.8853
27188,1842.7671
27189,11140.656
27190,7054.5405
27191,6429.4805
27192,7035.2285
27193,13331.006
27194,8738.508
27195,6663.093
27196,11598.851
27197,6695.929
27198,9469.593
27199,5956.974
27200,5217.4595
27201,12031.26
27202,10897.36
27203,7029.192
27204,8754.158
27205,9426.348
27206,8314.107
27207,13645.461
27208,8869.34
27209,10964.688
27210,6463.4463
27211,8431.257
27212,8953.399
27213,6274.2856
27214,11081.513
27215,6508.4277
27216,8977.419
27217,5737.22
27218,9058.303
27219,5727.3784
27220,7540.3525
27221,10207.083
27222,10305.372
27223,9631.823
27224,6682.091
27225,7148.078
27226,8773.342
27227,12807.506
27228,8745.487
27229,4529.5093
27230,9487.384
27231,9430.511
27232,6280.6445
27233,15287.807
27234,8420.239
27235,7117.348
27236,11929.714
27237,6187.422
27238,6666.8247
27239,25353.266
27240,13048.204
27241,7059.959
27242,11614.603
27243,12657.546
27244,7657.344
27245,5374.056
27246,7374.2896
27247,8682.348
27248,9191.151
27249,7274.8774
27250,5366.132
27251,9047.182
27252,8044.4175
27253,7009.729
27254,10346.006
27255,8152.237
27256,6761.546
27257,7575.279
27258,10400.907
27259,7591.973
27260,7817.997
27261,7158.654
27262,9921.871
27263,11786.736
27264,6831.252
27265,8068.3457
27266,9037.721
27267,7913.644
27268,9383.918
27269,5644.2075
27270,7686.079
27271,9810.523
27272,8924.472
27273,9071.652
27274,9873.274
27275,8520.936
27276,7823.756
27277,6108.964
27278,4098.0522
27279,11612.133
27280,7424.157
27281,8188.4653
27282,12012.72
27283,10678.478
27284,4979.795
27285,9380.105
27286,6021.321
27287,3824.936
27288,8207.027
27289,13821.999
27290,8618.915
27291,8046.159
27292,8100.446
27293,7779.37
27294,10645.55
27295,6833.083
27296,12520.454
27297,5401.5093
27298,7096.9097
27299,6672.327
27300,5898.821
27301,6219.86
27302,6820.2295
27303,10566.406
27304,5624.1455
27305,9537.328
27306,8539.421
27307,8199.532
27308,6663.4106
27309,9550.737
27310,8449.168
27311,6817.7773
27312,14228.196
27313,7601.2476
27314,8244.065
27315,4888.794
27316,12263.72
27317,10212.613
27318,7413.4653
27319,14146.739
27320,9316.8
27321,9572.606
27322,8819.611
27323,8482.517
27324,10656.542
27325,17207.875
27326,5760.1406
27327,5859.427
27328,5361.9976
27329,7039.424
27330,7788.8955
27331,8657.837
27332,10335.62
27333,7635.6396
27334,4578.142
27335,8271.151
27336,10260.326
27337,5637.982
27338,10785.111
27339,5511.0596
27340,11049.25
27341,10252.726
27342,8262.392
27343,11889.345
27344,9722.339
27345,5901.77
27346,7688.6304
27347,8052.539
27348,10716.953
27349,7944.765
27350,10405.223
27351,8542.174
27352,6079.69
27353,10742.906
27354,6336.454
27355,10200.863
27356,7283.3823
27357,6294.6304
27358,10193.277
27359,8801.83
27360,10728.254
27361,12735.444
27362,5335.9004
27363,5433.019
27364,11774.197
27365,10194.124
27366,6241.5044
27367,7618.5293
27368,7164.658
27369,8878.362
27370,8214.028
27371,6296.1973
27372,11583.273
27373,12389.018
27374,15677.739
27375,6647.8447
27376,7638.3857
27377,10875.048
27378,11903.289
27379,7090.8745
27380,13610.821
27381,10144.647
27382,8321.485
27383,7088.9336
27384,6291.0527
27385,7122.842
27386,9568.033
27387,7766.774
27388,6198.3555
27389,12319.922
27390,7878.406
27391,28176.195
27392,9303.01
27393,0.0
27394,0.0
27395,0.077256456
27396,0.083463155
27397,0.023725811
27398,0.0
27399,0.2261552
27400,0.017309682
27401,0.062956825
27402,0.0
27403,0.0
27404,0.037251428
27405,0.028442841
27406,0.1267373
27407,0.0733332
27408,0.0
27409,0.0
27410,0.023367109
27411,0.022614928
27412,0.03809682
27413,0.055350747
27414,0.0
27415,0.10862743
27416,0.035742093
27417,0.031339455
27418,0.0
27419,0.17866716
27420,0.007765322
27421,0.0
27422,0.0113655375
27423,0.0
27424,0.008865454
27425,0.0
27426,0.0
27427,0.0
27428,0.0
27429,0.011964725
27430,0.0
27431,0.0
27432,0.0
27433,0.015025621
27434,0.10490559
27435,0.07749877
27436,0.0018502733
27437,0.00592826
27438,0.0
27439,0.15771075
27440,0.0
27441,0.033970512
27442,0.0
27443,0.047858898
27444,0.14773124
27445,0.081688404
27446,0.0
27447,0.024601236
27448,0.0
27449,0.03341402
27450,0.07013341
27451,0.0
27452,0.007751567
27453,0.0
27454,0.0
27455,0.09266156
27456,0.0
27457,0.0
27458,0.10688945
27459,0.045318443
27460,0.06154575
27461,0.053929362
27462,0.0
27463,0.05759643
27464,0.019483432
27465,0.005455193
27466,0.0021781265
27467,0.0
27468,0.09603237
27469,0.0
27470,0.021293558
27471,0.0047362274
27472,0.0
27473,0.035229504
27474,0.0
27475,0.071585275
27476,0.009051124
27477,0.0
27478,0.0
27479,0.074923955
27480,0.0
27481,0.19640431
27482,0.0
27483,0.09534458
27484,3973.2676
27485,0.0
27486,0.0
27487,0.0
27488,0.041778743
27489,0.20464605
27490,0.049127918
27491,0.0
27492,0.0
27493,0.019842649
27494,0.054560438
27495,0.0
27496,0.0
27497,0.011370568
27498,0.0
27499,0.0
27500,0.0
27501,0.05349752
27502,0.10451767
27503,0.0
27504,0.0
27505,0.0
27506,0.0
27507,0.0
27508,0.0
27509,0.004838244
27510,0.0
27511,0.028366478
27512,0.063240886
27513,0.0
27514,0.0
27515,0.0022874563
27516,0.04481677
27517,0.024025274
27518,0.0053379005
27519,0.0
27520,0.0
27521,0.07816704
27522,0.055689592
27523,0.08162541
27524,0.31521592
27525,0.0
27526,0.0
27527,0.0
27528,0.12026116
27529,0.0
27530,0.0
27531,0.17714788
27532,0.61026204
27533,0.010325796
27534,0.17391434
27535,0.026293945
27536,0.16000523
27537,0.0
27538,0.34730288
27539,0.015978113
27540,0.045201436
27541,0.016463198
27542,0.0
27543,0.025337048
27544,0.0
27545,0.026615798
27546,0.0
27547,0.0
27548,0.0
27549,0.08562836
27550,0.0801166
27551,0.030346418
27552,513.6381
27553,0.0
27554,0.0
27555,0.031185543
27556,0.065742254
27557,0.051763006
27558,0.0
27559,0.0
27560,0.04678303
27561,0.015448693
27562,0.0
27563,0.056799185
27564,0.0
27565,0.13857478
27566,0.0
27567,0.024335977
27568,0.0
27569,9.9037345e-05
27570,0.018334866
27571,0.19496648
27572,0.0
27573,0.07035191
27574,0.0
27575,0.0
27576,0.029844137
27577,0.0
27578,0.080257826
27579,0.08600075
27580,0.23765264
27581,0.013844327
27582,0.0
27583,0.1693628
27584,0.016025642
27585,0.089352295
27586,0.12680179
27587,0.05617019
27588,0.088627234
27589,0.030134162
27590,0.15231794
27591,0.0
27592,0.0
27593,20758.072
27594,33488.246
27595,0.155775
27596,0.35355932
27597,0.14268434
27598,0.0
27599,0.06842113
27600,0.032750845
27601,0.051482897
27602,8239.42
27603,0.09542381
27604,0.0
27605,0.0
27606,0.105946526
27607,0.015738524
27608,0.7186872
27609,0.1368339
27610,0.040938634
27611,0.0
27612,0.0
27613,0.024820726
27614,0.0
27615,0.0
27616,0.09040577
27617,0.018483158
27618,0.0
27619,0.0
27620,0.0
27621,3823.6921
27622,0.0
27623,0.03345071
27624,0.084284656
27625,0.031783108
27626,0.0
27627,0.017521523
27628,0.13269487
27629,0.372533
27630,0.01728593
27631,1456.2892
27632,0.06856047
27633,0.0
27634,0.0
27635,0.05944349
27636,0.0
27637,0.0
27638,0.07779301
27639,0.2748264
27640,0.08453078
27641,0.053969033
27642,0.07284438
27643,0.0
27644,0.0
27645,0.041676894
27646,0.29693493
27647,0.19054627
27648,0.0
27649,8609.968
27650,0.03634145
27651,0.053083304
27652,0.17894907
27653,0.18202564
27654,0.0067057894
27655,0.0
27656,0.11248497
27657,0.024827931
27658,0.04816253
27659,0.0
27660,0.041158494
27661,0.0
27662,0.0
27663,0.022226628
27664,0.0
27665,0.014257738
27666,9698.897
27667,0.018415438
27668,0.07073159
27669,0.0
27670,0.062517464
27671,0.0
27672,0.0
27673,0.086555935
27674,0.0
27675,0.10491891
27676,0.062328603
27677,0.0
27678,0.0
27679,0.039807387
27680,0.0
27681,0.0
27682,0.0
27683,0.102172695
27684,0.02729976
27685,0.23209067
27686,0.29090405
27687,0.0
27688,0.02390169
27689,0.088604845
27690,0.032527026
27691,0.5029975
27692,0.0
27693,0.0
27694,0.0
27695,0.00020658855
27696,0.0
27697,0.0
27698,0.0
27699,0.0
27700,0.033940554
27701,0.0
27702,0.0
27703,0.0
27704,0.0
27705,0.08844571
27706,0.0
27707,0.13769832
27708,0.047563154
27709,0.041469526
27710,0.037191458
27711,0.0
27712,0.009168183
27713,0.14887433
27714,0.0
27715,0.0
27716,0.008521698
27717,0.16039273
27718,0.0
27719,0.0905117
27720,0.0
27721,0.0
27722,0.042875957
27723,0.0
27724,0.0
27725,0.014005567
27726,0.0
27727,0.27441737
27728,685.03625
27729,0.1388761
27730,0.0
27731,0.10864837
27732,0.0
27733,0.14249918
27734,0.0914907
27735,0.033703532
27736,0.01633999
27737,0.0
27738,0.05998051
27739,0.0013165759
27740,0.15719254
27741,0.0
27742,7038.1616
27743,0.0
27744,0.020194316
27745,0.0
27746,0.09251301
27747,0.0
27748,0.020115461
27749,0.0
27750,0.047593836
27751,0.013829169
27752,0.08791732
27753,0.06421267
27754,0.07365375
27755,0.0
27756,0.009262149
27757,0.0
27758,0.0
27759,0.0
27760,0.0
27761,0.38185525
27762,0.0
27763,0.15718788
27764,0.15334976
27765,0.0
27766,0.11809025
27767,0.0
27768,0.0
27769,0.011917707
27770,0.0
27771,0.28102487
27772,0.12840119
27773,0.02077352
27774,0.0
27775,0.0
27776,0.06621341
27777,0.0
27778,0.029461723
27779,0.036048893
27780,0.0
27781,0.078152284
27782,0.0
27783,0.097163856
27784,0.0
27785,8866.253
27786,0.10214652
27787,0.00097359053
27788,0.029215671
27789,0.30454352
27790,0.04150905
27791,0.0
27792,0.012997544
27793,0.0
27794,0.0
27795,1705.0248
27796,0.0
27797,0.0
27798,0.32432395
27799,3280.0183
27800,0.06107932
27801,0.0
27802,0.0973165
27803,0.0
27804,0.0
27805,0.0
27806,0.0
27807,0.0
27808,0.16209093
27809,0.0
27810,0.023277901
27811,0.10651118
27812,0.0
27813,0.009289959
27814,0.0
27815,0.45606595
27816,0.0
27817,0.0
27818,0.107372925
27819,0.028064905
27820,0.0
27821,0.06937206
27822,0.010370301
27823,0.013390318
27824,0.4309865
27825,0.036295086
27826,27186.773
27827,0.028855262
27828,0.0
27829,0.041726347
27830,0.0
27831,0.056230467
27832,0.031245492
27833,0.03784253
27834,0.02494556
27835,0.0
27836,0.0
27837,0.0061256136
27838,0.0
27839,0.0005597298
27840,3780.1968
27841,0.027777635
27842,0.050615806
27843,0.0
27844,0.11268911
27845,0.0132761095
27846,0.0
27847,0.08463645
27848,0.08308539
27849,0.0
27850,0.36689103
27851,0.0
27852,0.0
27853,0.0
27854,0.0
27855,0.045202162
27856,0.0
27857,0.0
27858,0.012302008
27859,0.093163826
27860,0.0808317
27861,0.029926507
27862,0.0
27863,0.0
27864,0.09539889
27865,0.07134171
27866,0.024059307
27867,0.01949464
27868,0.043163206
27869,0.0
27870,0.15280108
27871,0.031879205
27872,0.13830006
27873,0.0
27874,0.065804385
27875,0.0
27876,0.14501475
27877,0.26761928
27878,0.0
27879,0.0
27880,0.0012889417
27881,0.07586342
27882,0.13702382
27883,0.10120931
27884,0.010253946
27885,0.0
27886,0.041737784
27887,0.0
27888,0.03393447
27889,0.0
27890,0.07029697
27891,0.15516716
27892,0.0
27893,0.032266323
27894,0.1356682
27895,0.05810319
27896,0.0024258923
27897,0.0
27898,0.0
27899,0.021063933
27900,0.0
27901,0.0009986748
27902,0.07355427
27903,0.04230455
27904,0.016046248
27905,0.0
27906,0.05461666
27907,0.01921667
27908,0.11493775
27909,0.014226362
27910,0.07056036
27911,0.0
27912,0.0
27913,0.0
27914,0.0
27915,12640.704
27916,0.0
27917,0.015371861
27918,0.02919197
27919,0.32521254
27920,0.11314901
27921,0.0
27922,0.08255444
27923,0.0
27924,0.02593892
27925,0.0
27926,0.0
27927,0.024222422
27928,0.25321534
27929,0.0
27930,0.1078357
27931,0.0
27932,0.30185214
27933,0.24467465
27934,0.12506877
27935,0.0
27936,0.0
27937,0.2579711
27938,0.06811222
27939,0.023356622
27940,0.031151725
27941,0.0
27942,0.0
27943,0.0
27944,0.0
27945,0.0
27946,0.0
27947,0.0
27948,0.012268813
27949,0.031192126
27950,0.094658114
27951,0.09882259
27952,0.06684313
27953,0.0
27954,0.15286581
27955,0.0
27956,0.0
27957,0.03978016
27958,0.0
27959,5478.695
27960,16382.984
27961,0.0
27962,0.009222005
27963,0.0
27964,0.0
27965,0.06990399
27966,0.039408404
27967,0.08239627
27968,0.0
27969,0.32579324
27970,0.100172736
27971,0.053630617
27972,0.0
27973,0.0
27974,0.0
27975,0.020141745
27976,0.012384433
27977,0.11013623
27978,0.062645465
27979,0.0
27980,0.021235205
27981,0.0
27982,0.0
27983,0.0
27984,0.0
27985,0.0
27986,0.055447735
27987,0.13666706
27988,2896.3806
27989,0.09257305
27990,0.022564419
27991,0.0
27992,0.14235656
27993,0.12766519
27994,0.0
27995,0.21232672
27996,0.0
27997,0.10776191
27998,0.0035667093
27999,0.019976834
28000,0.017015928
28001,0.02921169
28002,0.0004061572
28003,0.038686782
28004,0.0
28005,0.0
28006,0.03468261
28007,0.06903501
28008,0.13741414
28009,0.10837507
28010,0.0
28011,0.027403709
28012,0.09132416
28013,0.13136798
28014,0.029793426
28015,0.0
28016,0.037287682
28017,0.0
28018,0.018464498
28019,0.0
28020,0.14211889
28021,0.0
28022,0.098727755
28023,0.0
28024,0.031657923
28025,0.018013721
28026,0.36593693
28027,0.040470835
28028,0.0
28029,0.012553148
28030,0.12404286
28031,0.05344443
28032,0.01838974
28033,0.0
28034,0.108064234
28035,0.0
28036,0.0
28037,0.021854404
28038,0.0
28039,0.0
28040,0.0
28041,0.0
28042,0.0
28043,0.05562864
28044,0.10454655
28045,0.016732186
28046,0.02271472
28047,0.0
28048,0.062677674
28049,0.012047483
28050,0.0
28051,0.035271067
28052,0.0
28053,0.011888439
28054,0.0
28055,0.0
28056,0.114479885
28057,0.22263727
28058,257.39777
28059,0.06627573
28060,0.0
28061,0.0
28062,1704.627
28063,0.15011129
28064,0.01361022
28065,0.20953375
28066,0.0
28067,0.22247936
28068,0.25665912
28069,0.05454784
28070,0.05364371
28071,0.06354145
28072,0.09968095
28073,0.0
28074,0.0
28075,0.033057384
28076,0.0
28077,0.0
28078,0.0043522343
28079,0.019657495
28080,0.0
28081,0.028860318
28082,0.1275962
28083,0.04370673
28084,0.24148567
28085,0.027775662
28086,0.18686113
28087,0.011845654
28088,0.17308006
28089,0.0860408
28090,0.028869573
28091,0.042342134
28092,0.100163795
28093,0.048760395
28094,0.120745204
28095,1.1483009
28096,0.056652706
28097,0.0
28098,0.0
28099,0.0
28100,0.23484513
28101,0.0
28102,0.0
28103,0.06044734
28104,0.24712321
28105,0.036038693
28106,0.0
28107,0.09339101
28108,0.04042731
28109,0.012923636
28110,0.025443673
28111,0.16190815
28112,0.010745171
28113,1163.2563
28114,0.0238531
28115,0.0
28116,0.13812925
28117,0.0
28118,0.13985042
28119,0.0
28120,0.0
28121,0.2427896
28122,0.041648857
28123,0.14321333
28124,0.0
28125,0.16539869
28126,0.4530287
28127,0.07032963
28128,10847.8545
28129,0.0
28130,0.0
28131,0.16249776
28132,0.0071512354
28133,0.0
28134,0.0049687778
28135,0.0
28136,0.0
28137,0.0
28138,0.0121762855
28139,0.28170714
28140,0.0
28141,0.2160804
28142,0.008599098
28143,0.0
28144,0.0
28145,0.2425332
28146,0.0
28147,0.0
28148,0.07256669
28149,0.0
28150,0.051305242
28151,0.07908748
28152,0.038478483
28153,0.016932543
28154,0.010349449
28155,0.0
28156,0.02874545
28157,0.0
28158,0.0
28159,0.0
28160,0.0
28161,0.043056656
28162,0.0
28163,0.0
28164,0.0
28165,0.21007317
28166,0.02045346
28167,0.047737908
28168,0.0
28169,0.07925556
28170,0.0
28171,0.0050508687
28172,0.0
28173,0.014516084
28174,0.028805815
28175,0.033919275
28176,0.0
28177,0.039887577
28178,0.0641249
28179,0.00964254
28180,0.08825142
28181,0.09981813
28182,0.0
28183,0.0
28184,0.0
28185,0.039436154
28186,0.0
28187,0.0
28188,0.0
28189,0.0
28190,0.0
28191,0.0
28192,3933.9546
28193,0.09935052
28194,0.0
28195,0.08687015
28196,0.0
28197,0.035641287
28198,0.0
28199,0.0
28200,0.0
28201,0.0
28202,0.019821346
28203,0.0068924893
28204,0.0
28205,0.0
28206,0.0
28207,0.09011783
28208,0.0
28209,0.045428235
28210,0.038727853
28211,0.0
28212,0.0
28213,0.0
28214,0.0
28215,0.021934446
28216,0.0
28217,0.06539816
28218,0.015617741
28219,0.0
28220,0.0
28221,0.0
28222,0.18957625
28223,0.0
28224,0.046209525
28225,0.0
28226,0.0
28227,0.0
28228,0.0
28229,0.0624244
28230,0.15894562
28231,0.02035515
28232,0.0
28233,13026.033
28234,1118.9138
28235,0.02732655
28236,0.0071596084
28237,0.116221055
28238,0.20620143
28239,0.1531557
28240,0.070280544
28241,0.0
28242,0.041714672
28243,0.0
28244,0.0
28245,0.0
28246,0.0
28247,0.105583206
28248,0.05498227
28249,4418.693
28250,3990.3257
28251,6702.709
28252,3078.2463
28253,5614.8994
28254,4373.5303
28255,4633.516
28256,6084.824
28257,23.479118
28258,2936.7598
28259,4199.234
28260,5017.8066
28261,3670.361
28262,13.943164
28263,5868.068
28264,12.968857
28265,4219.1973
28266,6110.31
28267,6761.817
28268,6285.5947
28269,6368.841
28270,3047.6736
28271,5497.7607
28272,0.5384208
28273,7289.1504
28274,7264.8853
28275,163.54778
28276,5029.4175
28277,2550.5193
28278,3638.2
28279,3.3395185
28280,5804.013
28281,3725.3823
28282,4464.062
28283,2.8261821
28284,4852.824
28285,2369.4102
28286,6328.934
28287,3731.5747
28288,5.7097063
28289,5.439192
28290,3562.0337
28291,7580.0635
28292,20.84431
28293,4487.595
28294,3396.1545
28295,5929.718
28296,8837.927
28297,5333.595
28298,4918.8335
28299,7360.1235
28300,6207.017
28301,5761.965
28302,5075.398
28303,18.158918
28304,2766.033
28305,4174.261
28306,5491.8643
28307,389.71243
28308,7063.0166
28309,3634.7
28310,7173.438
28311,52.494175
28312,4459.4146
28313,2723.2913
28314,10286.881
28315,2748.3552
28316,29.545893
28317,4718.7803
28318,2735.304
28319,5060.8613
28320,3137.6438
28321,5049.3467
28322,4527.47
28323,18.386389
28324,2.038006
28325,5158.424
28326,4148.095
28327,3104.3896
28328,5644.708
28329,4.1532893
28330,4379.454
28331,3173.1091
28332,5156.205
28333,4255.267
28334,7.1729164
28335,33.24301
28336,2145.7913
28337,7030.2446
28338,4448.3135
28339,5900.1543
28340,8668.852
28341,2420.0762
28342,4263.027
28343,4.554638
28344,6567.9834
28345,5.2569175
28346,3898.4395
28347,3499.729
28348,23.05149
28349,5613.352
28350,11.732545
28351,34.443546
28352,16.066923
28353,4587.821
28354,3924.3447
28355,2941.748
28356,4484.613
28357,3.3784761
28358,9.37495
28359,6585.988
28360,6468.1396
28361,3.4550552
28362,7036.0205
28363,2743.0051
28364,1668.5718
28365,7538.1235
28366,13.227098
28367,6423.8105
28368,7912.1875
28369,15.716818
28370,4807.263
28371,5870.481
28372,6624.9937
28373,5.850183
28374,8.842859
28375,4447.4946
28376,4603.242
28377,4747.245
28378,3093.475
28379,5487.476
28380,41.742397
28381,12.724396
28382,5043.0073
28383,2637.758
28384,6002.89
28385,5456.0513
28386,10.63565
28387,5386.3213
28388,1.8824356
28389,4737.3115
28390,31.290112
28391,3868.2708
28392,4786.2847
28393,6354.1875
28394,49.85998
28395,49.203262
28396,37.87089
28397,3344.3381
28398,4365.1694
28399,8668.802
28400,5162.731
28401,7602.0015
28402,5651.092
28403,4605.333
28404,5781.2715
28405,33.827038
28406,3928.5884
28407,6379.998
28408,4121.6294
28409,2526.802
28410,2964.9783
28411,6723.487
28412,7650.774
28413,1.4926131
28414,4942.401
28415,3942.994
28416,4.2576456
28417,1769.4155
28418,2819.4617
28419,5260.44
28420,6261.5693
28421,4898.0503
28422,2830.413
28423,7096.2397
28424,6185.911
28425,6313.4565
28426,2.4729302
28427,7493.2134
28428,7901.569
28429,4146.0815
28430,4128.8145
28431,4341.6655
28432,5987.3364
28433,3284.4019
28434,9.940879
28435,4283.6816
28436,8054.959
28437,5466.407
28438,5815.118
28439,5576.0605
28440,4832.112
28441,7241.3433
28442,15274.486
28443,7408.849
28444,4010.8914
28445,3742.012
28446,6027.05
28447,5772.8076
28448,7.1055603
28449,8790.974
28450,12397.883
28451,81.14205
28452,3234.506
28453,9070.856
28454,3240.4204
28455,5722.917
28456,4116.2305
28457,5144.6304
28458,4362.7305
28459,23.530771
28460,1.284684
28461,4616.236
28462,6.193539
28463,5674.707
28464,5454.2666
28465,42.469154
28466,28.085312
28467,4805.879
28468,45.87307
28469,5.9400005
28470,5596.746
28471,3629.2534
28472,3873.1743
28473,4242.2695
28474,5241.3125
28475,4442.8643
28476,6.970559
28477,10535.09
28478,1025.1644
28479,4450.622
28480,4012.2192
28481,4235.8
28482,4301.4116
28483,6286.0503
28484,26.448164
28485,8128.0366
28486,4701.9893
28487,7879.074
28488,5131.031
28489,4143.7964
28490,2878.083
28491,2713.931
28492,7555.478
28493,12.008649
28494,4514.429
28495,10901.196
28496,6836.1406
28497,4080.0547
28498,5252.759
28499,2393.6926
28500,3711.191
28501,3490.1638
28502,4167.6206
28503,7208.2183
28504,3910.5105
28505,7235.0264
28506,10174.647
28507,5658.001
28508,4495.886
28509,3940.3845
28510,4727.394
28511,4149.286
28512,10.320819
28513,5525.461
28514,6409.5195
28515,79.65321
28516,5163.0806
28517,5528.0703
28518,24.80758
28519,6056.0933
28520,4637.73
28521,6263.421
28522,4262.901
28523,7149.6123
28524,5736.0166
28525,6102.7266
28526,7197.48
28527,6275.4526
28528,7416.959
28529,3549.1074
28530,2.347291
28531,4517.5005
28532,7872.5015
28533,6417.2026
28534,6390.3394
28535,6302.921
28536,6704.5312
28537,4686.483
28538,5103.0825
28539,5284.9834
28540,3376.5298
28541,9562.157
28542,16427.607
28543,3.1299334
28544,5615.8477
28545,6280.393
28546,7392.755
28547,7554.736
28548,2674.9592
28549,3879.3494
28550,4903.398
28551,8307.061
28552,2656.4158
28553,3868.057
28554,4388.2485
28555,4.358712
28556,3948.512
28557,2911.5916
28558,2786.5479
28559,6390.675
28560,2.6791327
28561,3847.181
28562,4556.924
28563,4402.81
28564,8704.652
28565,5.417127
28566,2.9783688
28567,5702.7114
28568,5380.262
28569,8598.061
28570,4005.1143
28571,2886.46
28572,19.527319
28573,10752.183
28574,3739.0146
28575,6103.3145
28576,1750.9169
28577,2911.2263
28578,72.95394
28579,16.933775
28580,11.0073185
28581,1.6002591
28582,7380.6577
28583,6311.6987
28584,4315.854
28585,61.907295
28586,1706.3243
28587,4094.3792
28588,5149.727
28589,4226.6055
28590,8976.794
28591,2329.481
28592,4838.717
28593,5228.709
28594,8276.376
28595,8360.523
28596,5368.5024
28597,2944.9253
28598,10721.359
28599,7878.5933
28600,4193.11
28601,6.3877463
28602,7919.005
28603,5340.585
28604,4332.7
28605,3468.9204
28606,7308.5947
28607,3942.2156
28608,10516.668
28609,7035.49
28610,10721.318
28611,1.9024622
28612,4494.248
28613,1884.5999
28614,4771.4243
28615,7.9806557
28616,4465.966
28617,8451.796
28618,15.202917
28619,2366.3838
28620,6441.739
28621,3353.9326
28622,39.65459
28623,6027.268
28624,8.849216
28625,6455.369
28626,4209.6016
28627,7303.5635
28628,45.418007
28629,4666.7656
28630,4.18211
28631,2.4464977
28632,9237.774
28633,5325.487
28634,2998.4883
28635,3846.6929
28636,6921.42
28637,4875.9917
28638,4511.459
28639,5052.743
28640,3852.1606
28641,183465.3
28642,8.739574
28643,7029.1987
28644,3544.3064
28645,4285.991
28646,24.49791
28647,4686.112
28648,2917.0547
28649,4433.8296
28650,45.39526
28651,7271.589
28652,9163.02
28653,6385.7573
28654,7581.9795
28655,5637.509
28656,3927.3257
28657,8630.209
28658,7350.421
28659,12.875872
28660,4133.8276
28661,5074.938
28662,4182.947
28663,2102.5015
28664,41.11334
28665,4.8493714
28666,5393.8687
28667,8.040319
28668,1562.1486
28669,6380.1685
28670,6.67829
28671,8366.171
28672,2838.559
28673,5286.955
28674,5054.334
28675,4382.8184
28676,8848.782
28677,4042.9316
28678,7.2646513
28679,2976.1396
28680,3549.6594
28681,4592.558
28682,12408.352
28683,3012.325
28684,4787.1704
28685,4511.842
28686,3481.5413
28687,3289.6072
28688,4932.581
28689,2526.4055
28690,30.7762
28691,4681.966
28692,6.6693816
28693,6994.715
28694,18.694193
28695,3519.1968
28696,8988.712
28697,6676.4526
28698,7734.136
28699,2465.8977
28700,4832.0107
28701,3904.9265
28702,3766.2131
28703,14179.577
28704,2.9232934
28705,4568.4707
28706,2862.5637
28707,5041.0693
28708,3767.8843
28709,2386.7988
28710,5528.376
28711,3996.939
28712,21.061209
28713,4927.5586
28714,4818.3364
28715,4223.897
28716,3299.8599
28717,3.7072597
28718,6320.042
28719,2951.5222
28720,29.77887
28721,50.298286
28722,7565.711
28723,5078.599
28724,6747.5527
28725,0.5539681
28726,25.788092
28727,4357.0576
28728,2856.5662
28729,3590.6467
28730,4504.1577
28731,3206.5852
28732,6486.984
28733,3950.6143
28734,2.37388
28735,4426.0923
28736,5707.4077
28737,11.53472
28738,47.72426
28739,0.9002429
28740,2.4904091
28741,2230.5872
28742,8714.845
28743,2993.9807
28744,3125.503
28745,9363.274
28746,8.517079
28747,8441.339
28748,3.615209
28749,4263.4253
28750,39.668365
28751,5748.1426
28752,4410.612
28753,7153.2344
28754,452.8033
28755,3663.0718
28756,3055.0732
28757,3171.2844
28758,35.855747
28759,6386.6953
28760,6228.4683
28761,5405.6016
28762,5637.9443
28763,6652.691
28764,7272.609
28765,26.796892
28766,1.142411
28767,22.590326
28768,6551.947
28769,4028.4414
28770,1962.2938
28771,6208.154
28772,2.2106278
28773,4769.859
28774,5055.978
28775,2386.4355
28776,30.758287
28777,2327.2363
28778,7707.4565
28779,5700.373
28780,3776.549
28781,5827.173
28782,3366.1707
28783,3836.165
28784,37.670017
28785,2487.0557
28786,5797.5176
28787,7815.455
28788,6467.8867
28789,2404.362
28790,13.422908
28791,7.6343784
28792,2029.4274
28793,5359.9624
28794,8.327398
28795,4699.039
28796,14.373137
28797,14.136134
28798,5.800263
28799,7000.6753
28800,4629.893
28801,17.256802
28802,3410.4785
28803,4718.199
28804,1.602565
28805,5333.412
28806,5960.589
28807,6555.9165
28808,6590.286
28809,5262.237
28810,5135.673
28811,2788.7673
28812,4729.7754
28813,8098.3833
28814,6074.7744
28815,8777.995
28816,12339.431
28817,3040.0105
28818,6.9067783
28819,3349.8877
28820,6680.9116
28821,16.971922
28822,6679.5293
28823,6785.9297
28824,6738.8506
28825,40.71837
28826,5096.078
28827,4577.937
28828,3032.112
28829,7.0322914
28830,2902.5117
28831,2629.3914
28832,5641.091
28833,14880.397
28834,4698.5728
28835,2888.7368
28836,4060.6992
28837,3735.927
28838,5032.7764
28839,2785.3452
28840,5791.7417
28841,1.0605955
28842,3781.8704
28843,8903.378
28844,8855.638
28845,3612.47
28846,22.530502
28847,3239.3264
28848,3719.5056
28849,3761.6567
28850,3.7080498
28851,3942.663
28852,4120.301
28853,124.80937
28854,4583.394
28855,3954.4224
28856,5836.0835
28857,2875.259
28858,7857.236
28859,4917.7593
28860,3598.2622
28861,3473.225
28862,2958.467
28863,4670.2256
28864,26.260492
28865,8152.3457
28866,3676.1357
28867,3451.561
28868,5715.814
28869,6099.8228
28870,4.0775385
28871,56.73251
28872,0.56287265
28873,9376.349
28874,6584.832
28875,5381.7046
28876,3361.1936
28877,4014.4165
28878,40.298862
28879,3301.0247
28880,4170.5317
28881,4926.285
28882,44.368244
28883,6204.466
28884,3886.9133
28885,5048.826
28886,29.546066
28887,5864.185
28888,5472.438
28889,7329.6772
28890,6627.3574
28891,1686.0127
28892,3202.5498
28893,2801.9692
28894,3706.351
28895,3.962244
28896,1913.5048
28897,4192.098
28898,5134.2964
28899,5252.438
28900,4914.397
28901,7650.5254
28902,4500.1123
28903,3.902444
28904,3457.427
28905,6838.475
28906,3204.4783
28907,5241.0977
28908,9467.389
28909,30.444387
28910,40.6681
28911,5625.2295
28912,2970.356
28913,4766.143
28914,6388.901
28915,2278.4043
28916,7504.414
28917,6703.361
28918,5436.3574
28919,8076.8228
28920,7474.44
28921,6114.9453
28922,3941.516
28923,4354.9966
28924,5801.849
28925,1.2354925
28926,5851.1777
28927,2394.025
28928,5087.389
28929,2680.7239
28930,0.7798077
28931,4404.3477
28932,4219.0684
28933,4717.025
28934,6880.8794
28935,5.992545
28936,5607.3745
28937,6.270227
28938,5434.4546
28939,8401.331
28940,6611.264
28941,3820.0608
28942,38.8034
28943,5118.903
28944,53.8469
28945,8.070095
28946,13.775509
28947,4737.6416
28948,8372.757
28949,5347.38
28950,2681.0781
28951,0.9228934
28952,7029.681
28953,5806.151
28954,6534.391
28955,6098.2227
28956,33.58568
28957,4890.473
28958,3841.6213
28959,0.7526896
28960,36.089024
28961,5855.0356
28962,2424.2646
28963,6522.7837
28964,6140.739
28965,4276.08
28966,5875.4385
28967,4357.2153
28968,5491.2983
28969,3170.9001
28970,1.8731413
28971,4177.0415
28972,3321.253
28973,5585.7812
28974,7744.057
28975,6927.853
28976,4885.508
28977,11.404952
28978,5284.8677
28979,6347.2275
28980,6313.282
28981,2936.6702
28982,3041.0024
28983,6040.609
28984,5303.289
28985,3593.5767
28986,6528.4165
28987,5.537129
28988,4450.414
28989,3942.836
28990,1786.5159
28991,6281.303
28992,5413.145
28993,4419.0894
28994,7361.5767
28995,6161.403
28996,3066.455
28997,5021.944
28998,2605.171
28999,1221.0487
29000,4840.628
29001,42.214867
29002,4771.156
29003,4064.532
29004,2.8045201
29005,4161.991
29006,5822.6777
29007,4566.4053
29008,8060.0386
29009,3024.09
29010,3998.026
29011,2.9245062
29012,5579.5347
29013,3171.9167
29014,2102.4844
29015,3811.4417
29016,3204.13
29017,45.2427
29018,3728.07
29019,4.97931
29020,4593.3384
29021,6974.469
29022,4100.6016
29023,8.6768675
29024,6773.727
29025,5885.754
29026,13.559687
29027,1726.6063
29028,4014.654
29029,4962.823
29030,3812.5325
29031,35.020622
29032,6974.7617
29033,5812.795
29034,5671.5254
29035,5129.225
29036,7063.7783
29037,29.996717
29038,2530.8708
29039,3190.8123
29040,4388.6924
29041,5003.4346
29042,12.140833
29043,7488.455
29044,5167.017
29045,21.91685
29046,2204.3833
29047,5132.3867
29048,8381.93
29049,2771.8975
29050,5981.782
29051,6.360618
29052,5845.354
29053,4590.202
29054,4284.7812
29055,5835.243
29056,3822.7292
29057,4.5401373
29058,6091.3457
29059,4450.8516
29060,6729.9155
29061,4399.1875
29062,7312.827
29063,4769.959
29064,3280.4907
29065,6982.277
29066,2.5788958
29067,7875.032
29068,4.486999
29069,4351.712
29070,6168.712
29071,4001.7957
29072,3963.796
29073,793.331
29074,2718.1404
29075,2457.9504
29076,5114.5537
29077,5633.45
29078,16.757889
29079,5372.903
29080,4741.5747
29081,3463.894
29082,5147.792
29083,2669.0833
29084,10111.987
29085,6665.127
29086,39.216553
29087,37.92094
29088,4440.4663
29089,7722.07
29090,7341.0537
29091,2636.3467
29092,7031.8677
29093,48.219017
29094,6075.0815
29095,16.360508
29096,4133.0625
29097,2762.8062
29098,32.489872
29099,52.69192
29100,2474.9553
29101,6299.6997
29102,4791.8076
29103,21480.082
29104,6615.7935
29105,3588.1096
29106,5397.667
29107,8901.043
29108,4558.124
29109,5702.0205
29110,4383.8887
29111,6536.947
29112,5848.5664
29113,3495.6484
29114,4485.7764
29115,5455.4785
29116,6218.9995
29117,5703.8755
29118,7266.597
29119,5105.751
29120,3596.6082
29121,5245.3184
29122,8018.9766
29123,7874.056
29124,6742.5923
29125,5993.747
29126,3168.327
29127,5325.8833
29128,3241.682
29129,7842.389
29130,7739.6934
29131,8224.094
29132,4525.8726
29133,3672.6133
29134,2908.614
29135,5924.8613
29136,6922.9917
29137,4560.59
29138,4241.881
29139,4438.412
29140,6805.258
29141,2871.7954
29142,6417.821
29143,3660.1692
29144,6420.1167
29145,6036.4507
29146,5103.3843
29147,6791.4917
29148,6387.195
29149,5784.5425
29150,5209.289
29151,5007.7607
29152,9978.2705
29153,5345.5693
29154,7228.108
29155,8263.29
29156,7051.5938
29157,5740.302
29158,7138.573
29159,4138.294
29160,4819.9453
29161,4830.103
29162,6179.2476
29163,10418.928
29164,6475.751
29165,4133.9497
29166,6363.206
29167,5814.0093
29168,6603.1157
29169,3016.941
29170,11653.384
29171,3717.5474
29172,5540.8403
29173,6782.668
29174,3260.4019
29175,4583.3853
29176,5537.522
29177,6075.047
29178,4564.1714
29179,4804.1187
29180,8167.7637
29181,5091.394
29182,4472.77
29183,5015.3135
29184,5315.9
29185,11115.523
29186,5835.304
29187,4612.0107
29188,5245.053
29189,4398.772
29190,5306.9023
29191,7167.8774
29192,3321.611
29193,5459.4873
29194,3742.576
29195,5997.9395
29196,8777.191
29197,4370.632
29198,4594.907
29199,4446.103
29200,6593.4673
29201,7119.507
29202,3765.7031
29203,3615.1624
29204,5057.0635
29205,4927.606
29206,5123.685
29207,6581.5166
29208,7052.67
29209,5442.9937
29210,4294.143
29211,3890.7825
29212,4907.6934
29213,6805.0566
29214,6361.5254
29215,7029.9897
29216,6363.5337
29217,4827.9287
29218,7513.0513
29219,3864.7004
29220,2381.7783
29221,7463.2485
29222,5163.9966
29223,8083.4814
29224,7055.933
29225,6431.707
29226,4962.279
29227,6289.811
29228,6852.4937
29229,5744.821
29230,3889.361
29231,4607.5254
29232,6240.7065
29233,4763.6206
29234,4225.15
29235,6091.537
29236,2932.363
29237,5081.094
29238,4557.75
29239,3859.679
29240,5720.832
29241,5806.4775
29242,5592.594
29243,4364.3203
29244,3202.168
29245,4975.9204
29246,2940.3564
29247,5405.7617
29248,4097.1685
29249,6792.204
29250,6007.8906
29251,4880.0767
29252,11012.658
29253,3661.7058
29254,4575.13
29255,7745.7563
29256,5519.4556
29257,6985.394
29258,6182.154
29259,4517.3716
29260,5480.587
29261,5204.0693
29262,5904.602
29263,7157.2676
29264,6093.403
29265,2764.1785
29266,3860.1797
29267,7208.6445
29268,7633.2876
29269,4786.435
29270,4680.3804
29271,3929.4841
29272,4146.8213
29273,2779.0466
29274,3810.889
29275,5633.531
29276,6678.4336
29277,5166.485
29278,3272.4424
29279,7423.86
29280,6775.969
29281,6826.9136
29282,4380.691
29283,7258.8384
29284,8148.886
29285,5215.315
29286,5130.5024
29287,4209.4365
29288,5830.225
29289,3447.3228
29290,4686.51
29291,4179.576
29292,7476.8286
29293,5852.7573
29294,5752.81
29295,6565.0464
29296,5067.015
29297,6759.16
29298,15154.166
29299,7673.414
29300,4488.229
29301,3288.7693
29302,5250.229
29303,5681.358
29304,5482.741
29305,12846.74
29306,17131.256
29307,1340.902
29308,3633.237
29309,7825.2036
29310,3827.9695
29311,6491.589
29312,5681.0923
29313,5961.9536
29314,5071.7974
29315,5628.439
29316,4816.4844
29317,4389.7515
29318,8124.6646
29319,5993.9243
29320,5538.061
29321,2824.8855
29322,1983.7389
29323,3402.598
29324,5710.141
29325,4734.899
29326,5067.2905
29327,5202.253
29328,4915.194
29329,5028.7505
29330,5998.597
29331,5473.9204
29332,7164.2207
29333,8728.654
29334,4364.9614
29335,4926.962
29336,3396.1511
29337,5607.1284
29338,5181.0034
29339,5467.7783
29340,4581.3706
29341,10599.493
29342,5013.2666
29343,9143.281
29344,5331.876
29345,4717.2095
29346,4152.4224
29347,4524.1333
29348,7302.1284
29349,4996.777
29350,7049.59
29351,12640.909
29352,6646.1455
29353,5490.293
29354,5579.1997
29355,3704.6226
29356,5453.564
29357,3670.6692
29358,3413.5056
29359,5531.842
29360,4417.7573
29361,11197.381
29362,10225.957
29363,5173.665
29364,4836.991
29365,5068.7407
29366,5383.6143
29367,4450.716
29368,5521.778
29369,5429.196
29370,7145.154
29371,3670.4873
29372,6247.4185
29373,5581.499
29374,10028.207
29375,5682.377
29376,4719.874
29377,5925.127
29378,6998.7993
29379,6738.2593
29380,6619.511
29381,6066.4595
29382,7666.413
29383,5386.234
29384,7087.554
29385,4999.38
29386,3485.2664
29387,4034.9177
29388,9001.255
29389,6211.5005
29390,6517.3423
29391,6139.058
29392,7075.376
29393,4297.3228
29394,7136.3745
29395,5770.4897
29396,3441.405
29397,11804.264
29398,16005.282
29399,5593.576
29400,5645.731
29401,6886.69
29402,8293.998
29403,8559.587
29404,4907.2817
29405,5209.2246
29406,4863.264
29407,7252.0293
29408,3666.956
29409,4730.3936
29410,4614.9985
29411,5241.617
29412,5585.275
29413,4670.6133
29414,3383.8171
29415,6567.7705
29416,3964.1853
29417,3498.6042
29418,4721.166
29419,4547.571
29420,7672.9824
29421,8316.938
29422,6406.1274
29423,5631.602
29424,5972.8423
29425,8408.417
29426,5122.5903
29427,4378.757
29428,4169.5137
29429,8878.219
29430,3736.2905
29431,5973.566
29432,2674.9885
29433,3108.2332
29434,6342.307
29435,5099.4673
29436,5129.1274
29437,7609.6113
29438,7372.7495
29439,8833.03
29440,5602.691
29441,10502.014
29442,2420.2031
29443,5704.2676
29444,5389.6616
29445,3742.533
29446,7079.6157
29447,3914.2202
29448,4691.1255
29449,6441.856
29450,8796.626
29451,6875.014
29452,5844.434
29453,4339.736
29454,11367.277
29455,6652.71
29456,4184.6465
29457,5470.992
29458,5780.2075
29459,6934.0674
29460,4885.941
29461,4677.252
29462,6602.9204
29463,6155.2056
29464,10418.52
29465,5332.3745
29466,10412.023
29467,5555.409
29468,4451.943
29469,2511.6409
29470,4382.1245
29471,5506.252
29472,4710.9365
29473,7106.8267
29474,4316.8833
29475,3167.0154
29476,6476.338
29477,3009.8518
29478,6728.1123
29479,5974.7627
29480,9013.574
29481,6387.8774
29482,4069.432
29483,7616.902
29484,2796.3213
29485,4939.309
29486,6019.007
29487,4291.6284
29488,8703.216
29489,5444.411
29490,4194.866
29491,5989.575
29492,7206.458
29493,5693.2
29494,5545.911
29495,6909.778
29496,4048.8018
29497,7619.5757
29498,4806.039
29499,7225.709
29500,3915.3816
29501,5550.2188
29502,5919.1787
29503,4825.594
29504,4091.7085
29505,4901.2188
29506,8300.551
29507,8181.7905
29508,8820.672
29509,7903.152
29510,7548.3975
29511,6982.237
29512,4114.719
29513,8607.34
29514,9064.733
29515,5939.5107
29516,6219.658
29517,6906.7666
29518,4889.046
29519,2205.0237
29520,9087.153
29521,5526.4517
29522,5455.0835
29523,5732.9424
29524,1885.5082
29525,15893.114
29526,5008.888
29527,8604.188
29528,3463.2961
29529,4956.498
29530,5361.8135
29531,6196.4756
29532,5786.5293
29533,4437.286
29534,4088.595
29535,2814.2966
29536,2748.619
29537,6010.877
29538,15371.054
29539,3981.5767
29540,5080.101
29541,4791.6885
29542,4876.55
29543,4060.5752
29544,4825.6265
29545,3145.745
29546,6596.789
29547,5645.9355
29548,3681.5051
29549,7096.2666
29550,4503.6636
29551,4307.02
29552,8792.382
29553,6672.862
29554,7573.6313
29555,4111.255
29556,4909.281
29557,3460.4429
29558,4367.002
29559,11189.662
29560,9707.902
29561,5868.661
29562,4106.148
29563,5240.0977
29564,5326.4727
29565,3758.1526
29566,7731.113
29567,4427.693
29568,4223.913
29569,5456.0146
29570,4546.291
29571,5213.2407
29572,6449.7314
29573,6325.4517
29574,6446.742
29575,3576.6887
29576,5406.009
29577,6474.602
29578,6997.5376
29579,7163.3325
29580,6247.085
29581,4008.5122
29582,3807.6187
29583,4540.098
29584,3851.536
29585,5265.0737
29586,6506.6772
29587,4254.086
29588,5577.534
29589,4922.1426
29590,4698.12
29591,4473.176
29592,3841.9475
29593,7565.0474
29594,5104.5044
29595,8732.459
29596,5814.6636
29597,3413.9158
29598,9185.867
29599,3451.0078
29600,2896.4678
29601,6596.0527
29602,8172.1196
29603,8981.358
29604,4338.995
29605,4876.1685
29606,5246.089
29607,5444.728
29608,5423.678
29609,7254.7617
29610,1991.0652
29611,4220.836
29612,3823.7249
29613,4109.408
29614,4524.3013
29615,6016.969
29616,5693.4395
29617,5321.4756
29618,6828.62
29619,5539.4663
29620,6309.1284
29621,4948.444
29622,5773.9478
29623,5690.2197
29624,7313.5527
29625,5370.9043
29626,3189.0867
29627,7790.4854
29628,5410.363
29629,5133.2437
29630,4738.5
29631,3627.4363
29632,6547.686
29633,4127.614
29634,7406.864
29635,5902.4004
29636,4206.8276
29637,5802.281
29638,4008.4893
29639,4345.378
29640,7242.3726
29641,3562.3328
29642,7404.215
29643,8846.09
29644,6693.8477
29645,4205.5317
29646,4105.318
29647,4243.269
29648,2485.1404
29649,8045.9136
29650,5165.706
29651,7218.917
29652,3782.1372
29653,5036.474
29654,6257.933
29655,6997.2373
29656,5374.6865
29657,4661.458
29658,3787.8096
29659,5448.968
29660,3749.4834
29661,7009.602
29662,7174.9707
29663,6526.81
29664,6703.457
29665,5662.023
29666,5626.566
29667,3691.239
29668,4772.7305
29669,9058.675
29670,7184.2974
29671,9368.026
29672,14860.968
29673,3907.442
29674,597.4548
29675,4610.849
29676,6903.618
29677,9873.435
29678,5436.326
29679,6940.9688
29680,6462.2876
29681,5856.7896
29682,6020.1553
29683,5035.773
29684,3322.7551
29685,4629.2173
29686,3544.3606
29687,4222.507
29688,6207.982
29689,13386.544
29690,5484.1743
29691,4302.302
29692,5254.317
29693,3850.5771
29694,5454.6772
29695,5410.59
29696,7794.9155
29697,5767.2983
29698,5479.4946
29699,10093.698
29700,11388.785
29701,4626.3833
29702,6247.0254
29703,3337.3809
29704,3880.8335
29705,4718.1543
29706,8053.0615
29707,4262.807
29708,4724.094
29709,4413.773
29710,5108.1914
29711,5382.2075
29712,5540.412
29713,3651.0361
29714,6781.4194
29715,6367.256
29716,4601.9033
29717,3726.1785
29718,2888.854
29719,6543.7153
29720,4333.552
29721,8069.115
29722,3871.043
29723,4818.9062
29724,5766.682
29725,5336.5977
29726,3819.5725
29727,4518.4834
29728,4767.007
29729,7777.5522
29730,7537.117
29731,5359.7886
29732,3712.2744
29733,4579.7583
29734,6579.0063
29735,4276.896
29736,4337.522
29737,5170.9907
29738,798.38916
29739,6817.4395
29740,4751.1685
29741,6228.866
29742,4009.56
29743,7506.368
29744,4367.8813
29745,9186.638
29746,5350.9155
29747,1937.1127
29748,4420.8477
29749,4451.055
29750,4970.9014
29751,15942.985
29752,3111.556
29753,4312.183
29754,7151.713
29755,4931.7437
29756,1126.5753
29757,6566.1733
29758,5053.587
29759,4046.4194
29760,3812.907
29761,7668.0586
29762,5703.3804
29763,4180.7007
29764,6615.4526
29765,4410.835
29766,6577.2617
29767,2796.3013
29768,3596.9685
29769,6512.3896
29770,8270.126
29771,4476.5093
29772,6522.821
29773,5814.0034
29774,5632.08
29775,8228.441
29776,6009.8223
29777,7361.612
29778,3508.4202
29779,2421.3787
29780,6233.627
29781,4053.9417
29782,7060.9287
29783,3349.6543
29784,8578.024
29785,4116.407
29786,5391.703
29787,4816.526
29788,5676.781
29789,5139.4805
29790,7332.3555
29791,6016.1255
29792,5616.4155
29793,5396.7505
29794,6666.036
29795,8271.79
29796,6365.7256
29797,3695.192
29798,6009.3467
29799,6055.233
29800,3926.434
29801,10337.721
29802,5382.9775
29803,5212.48
29804,8351.629
29805,5179.2544
29806,4109.3457
29807,2517.1018
29808,8364.647
29809,4999.065
29810,6570.277
29811,7277.383
29812,6591.361
29813,5115.305
29814,5661.7637
29815,4939.5967
29816,5649.9385
29817,6398.2803
29818,3629.385
29819,6629.1216
29820,6742.9204
29821,4894.916
29822,5590.125
29823,5178.306
29824,5041.579
29825,4699.958
29826,7162.929
29827,5364.7554
29828,5660.9214
29829,5827.039
29830,6152.8755
29831,6942.2603
29832,4756.8774
29833,4636.916
29834,5555.515
29835,6754.391
29836,5872.3965
29837,4077.7397
29838,3273.223
29839,6018.025
29840,8572.577
29841,5023.7114
29842,6465.6167
29843,6001.722
29844,4524.8237
29845,4615.3066
29846,2916.5803
29847,5583.6714
29848,5842.8735
29849,4783.218
29850,7172.4937
29851,6231.011
29852,4136.932
29853,6798.556
29854,3749.8088
29855,2158.5522
29856,5552.946
29857,10233.509
29858,6058.7686
29859,5481.361
29860,3606.8333
29861,5214.4844
29862,5781.277
29863,4542.1514
29864,7860.699
29865,3856.1128
29866,4884.11
29867,4420.7925
29868,5165.6274
29869,4564.5327
29870,3444.5122
29871,4461.2227
29872,3707.3198
29873,6513.582
29874,5114.32
29875,4144.2944
29876,5189.8623
29877,5814.5913
29878,4082.6086
29879,4450.147
29880,6727.169
29881,5624.114
29882,5509.115
29883,3037.5464
29884,7703.216
29885,6167.953
29886,4032.8784
29887,7834.793
29888,5550.2876
29889,5989.1353
29890,5173.2207
29891,5415.8564
29892,7224.9785
29893,10696.785
29894,3241.005
29895,3311.6257
29896,4297.9907
29897,5048.157
29898,5555.9814
29899,6243.523
29900,6267.957
29901,4966.1855
29902,3178.4595
29903,5096.3115
29904,9921.663
29905,3553.508
29906,5552.962
29907,3271.556
29908,7088.832
29909,6168.9595
29910,5209.89
29911,7000.1743
29912,5864.7275
29913,3607.4353
29914,5280.5996
29915,5256.8237
29916,7459.434
29917,5375.8657
29918,6578.592
29919,5042.8486
29920,3414.8408
29921,7931.8027
29922,3707.486
29923,8640.323
29924,5461.0967
29925,3971.21
29926,5326.4165
29927,5276.632
29928,5825.361
29929,967.068
29930,3465.5369
29931,3443.9373
29932,5409.8364
29933,6451.1836
29934,3832.6975
29935,5842.2324
29936,4760.046
29937,4447.978
29938,5538.1826
29939,4013.4172
29940,6703.476
29941,7385.6226
29942,9863.994
29943,4823.045
29944,4741.0093
29945,11835.355
29946,10044.682
29947,3902.9976
29948,7617.396
29949,5685.3154
29950,5436.8296
29951,4297.987
29952,3757.579
29953,4807.1943
29954,3995.6162
29955,4479.042
29956,3895.0159
29957,6930.371
29958,5457.8677
29959,17756.412
29960,5908.1626
29961,1808.513
29962,3542.2278
29963,4596.8315
29964,4001.6887
29965,3528.5823
29966,2262.5022
29967,3199.3008
29968,2689.613
29969,1594.8923
29970,2845.9075
29971,3054.403
29972,2937.651
29973,3183.503
29974,4111.4863
29975,2301.3484
29976,1597.2113
29977,2504.2605
29978,4495.693
29979,5105.225
29980,4396.02
29981,3239.382
29982,2170.8794
29983,2556.394
29984,1518.5072
29985,4242.217
29986,4475.3438
29987,4121.806
29988,2711.9937
29989,2367.2522
29990,1731.1108
29991,2529.18
29992,3603.4766
29993,2864.2983
29994,3467.4019
29995,2262.1816
29996,3480.8638
29997,1437.1686
29998,3071.45
29999,1791.7211
30000,3015.4937
30001,4484.638
30002,4043.8071
30003,3399.3245
30004,3209.1252
30005,2819.7832
30006,3045.6711
30007,2794.744
30008,5138.598
30009,2520.8882
30010,3832.873
30011,3788.8323
30012,3095.1045
30013,2573.1702
30014,4012.6477
30015,2081.6294
30016,2414.8647
30017,2805.5603
30018,4703.3438
30019,5000.7007
30020,3004.7307
30021,1898.6414
30022,2952.5686
30023,2847.8574
30024,4305.303
30025,1724.8591
30026,6467.541
30027,2240.2327
30028,2772.0627
30029,4076.5613
30030,1549.7673
30031,2635.0479
30032,3161.4944
30033,3357.8381
30034,2973.126
30035,2336.2974
30036,4044.135
30037,2182.0098
30038,3085.744
30039,2268.5598
30040,2682.7322
30041,5090.904
30042,2911.8416
30043,2664.1846
30044,2245.4421
30045,2263.109
30046,2621.504
30047,3251.0596
30048,2201.3608
30049,2598.9126
30050,1851.9703
30051,4508.555
30052,4930.3984
30053,2394.748
30054,2789.201
30055,2089.2551
30056,2913.8271
30057,3278.5886
30058,1881.9977
30059,2394.4385
30060,2112.3643
30061,2208.8054
30062,2483.2537
30063,5290.809
30064,3539.421
30065,3149.7358
30066,1968.4222
30067,2378.0408
30068,2479.6445
30069,3083.6191
30070,2931.152
30071,3830.2268
30072,3451.2449
30073,2439.0356
30074,3685.7112
30075,2239.9697
30076,1520.0266
30077,3313.664
30078,2418.5422
30079,4785.2847
30080,2769.3416
30081,3256.588
30082,2413.1455
30083,3599.021
30084,3249.782
30085,3092.1147
30086,1876.9862
30087,2726.6475
30088,2836.629
30089,2705.7175
30090,2724.9194
30091,3457.5554
30092,1317.9363
30093,2129.4119
30094,2110.1333
30095,2312.4346
30096,3090.4692
30097,3061.086
30098,2961.9956
30099,1893.1726
30100,1411.5709
30101,2830.9368
30102,1425.5835
30103,2478.306
30104,1837.2681
30105,5653.588
30106,2943.6206
30107,6836.7075
30108,5057.4736
30109,1715.8009
30110,2068.6152
30111,4071.3538
30112,4382.041
30113,3295.9807
30114,3821.6536
30115,2678.2876
30116,2650.8438
30117,2607.809
30118,3532.725
30119,4062.6753
30120,3076.623
30121,1351.0327
30122,1955.606
30123,4084.2446
30124,4385.813
30125,1935.666
30126,2511.949
30127,1804.767
30128,2113.4004
30129,1693.1276
30130,2382.926
30131,4311.7925
30132,2863.8079
30133,2350.6528
30134,1828.3568
30135,3937.9834
30136,3656.142
30137,5432.988
30138,2090.4038
30139,3425.6633
30140,4589.0464
30141,2671.5315
30142,3160.5505
30143,2257.6848
30144,3108.604
30145,1712.8015
30146,2198.8723
30147,2464.2925
30148,3419.4697
30149,2998.4197
30150,2864.983
30151,3373.8862
30152,3957.207
30153,2926.9312
30154,8438.98
30155,4193.502
30156,2519.1765
30157,1660.9282
30158,3192.7852
30159,3614.9968
30160,2716.6912
30161,5476.647
30162,9191.09
30163,1802.9863
30164,1695.5697
30165,4029.137
30166,3119.9114
30167,3970.5964
30168,3049.8723
30169,3413.066
30170,2197.419
30171,4186.8706
30172,2143.3174
30173,2308.3005
30174,3527.8586
30175,5002.1655
30176,2741.2065
30177,1266.1324
30178,856.1186
30179,1535.8513
30180,2723.3835
30181,2049.5164
30182,2546.617
30183,3316.3013
30184,2587.1406
30185,2861.1985
30186,2964.7988
30187,2895.8447
30188,3589.6843
30189,4254.8936
30190,2141.1733
30191,3902.763
30192,1570.3729
30193,3401.9749
30194,4535.787
30195,2556.2527
30196,2314.0303
30197,6341.061
30198,3196.6284
30199,4295.7446
30200,2821.1084
30201,2434.493
30202,2738.1487
30203,2675.5422
30204,4518.6646
30205,2303.478
30206,3626.886
30207,6862.73
30208,3180.6465
30209,3826.3157
30210,4313.3022
30211,2324.1064
30212,3463.8445
30213,2143.437
30214,1658.6404
30215,2809.2495
30216,2589.0605
30217,6306.2163
30218,7685.3823
30219,2287.1719
30220,2201.8481
30221,2310.7275
30222,2559.657
30223,2522.3665
30224,2668.2532
30225,3862.117
30226,3851.0803
30227,1708.5297
30228,3494.795
30229,2602.658
30230,4593.9165
30231,2685.822
30232,2841.6873
30233,2583.1108
30234,3294.057
30235,3784.0427
30236,9337.456
30237,2798.626
30238,4643.1035
30239,2481.4324
30240,3254.4758
30241,2347.8745
30242,1632.8782
30243,2005.6937
30244,3767.0864
30245,4424.311
30246,4102.9414
30247,2653.3574
30248,4063.7644
30249,1764.8678
30250,3613.997
30251,3559.055
30252,1518.8768
30253,7694.03
30254,7797.3545
30255,2831.8242
30256,3208.4487
30257,3890.018
30258,4754.16
30259,4353.3604
30260,3130.119
30261,3049.4534
30262,2943.4211
30263,3305.6887
30264,2250.6392
30265,2546.4321
30266,1963.9647
30267,2544.1423
30268,3566.0999
30269,2196.525
30270,2194.9768
30271,3086.583
30272,1959.0247
30273,1594.7448
30274,2012.1515
30275,2767.9019
30276,3497.9167
30277,3637.9363
30278,5201.107
30279,2409.176
30280,2973.7046
30281,6831.623
30282,3134.018
30283,2607.0654
30284,1872.0057
30285,4085.784
30286,1734.119
30287,3157.4707
30288,1476.8359
30289,1839.5302
30290,3430.068
30291,3938.1223
30292,2687.656
30293,3761.4666
30294,4055.9143
30295,4677.6714
30296,2864.4473
30297,4910.3765
30298,1381.5543
30299,2755.6948
30300,2989.9219
30301,1660.8442
30302,3915.871
30303,2515.7852
30304,3782.4368
30305,4072.6316
30306,6988.6396
30307,4059.696
30308,2745.5198
30309,5689.9756
30310,5843.414
30311,3338.6514
30312,2437.7026
30313,2273.2344
30314,2608.659
30315,4089.2659
30316,2261.875
30317,2789.1956
30318,3261.5374
30319,3693.2888
30320,6451.362
30321,2562.2126
30322,5042.81
30323,2496.7268
30324,2191.73
30325,1487.8914
30326,2861.5945
30327,2628.5298
30328,2077.0178
30329,3237.1455
30330,1807.565
30331,2017.7885
30332,3062.0908
30333,2293.0571
30334,3213.4814
30335,2578.2568
30336,3703.7886
30337,3448.2405
30338,1996.7727
30339,3401.472
30340,1247.0354
30341,2133.461
30342,2738.27
30343,2168.779
30344,4899.036
30345,2562.0586
30346,1923.7411
30347,3555.8376
30348,4405.4736
30349,3071.7927
30350,2892.8364
30351,3821.056
30352,2127.3943
30353,3179.3054
30354,2278.9304
30355,3548.0952
30356,2888.1787
30357,2607.0618
30358,3977.754
30359,2251.0344
30360,1747.982
30361,2533.0789
30362,4052.7354
30363,7499.5767
30364,5290.552
30365,4576.4653
30366,3674.4739
30367,3163.4917
30368,1984.9081
30369,5408.7837
30370,4189.084
30371,2743.0798
30372,4093.797
30373,3974.1128
30374,2397.5918
30375,1214.9397
30376,4426.025
30377,2445.1729
30378,3373.3262
30379,2877.3157
30380,992.4731
30381,2327.0918
30382,2930.3215
30383,3313.3098
30384,1590.5986
30385,3346.6072
30386,4435.272
30387,3225.0503
30388,2991.3254
30389,2120.7651
30390,3064.408
30391,1710.47
30392,1375.2925
30393,3131.8423
30394,6899.1025
30395,2596.5842
30396,2815.8757
30397,2792.906
30398,2312.7756
30399,2670.5388
30400,1990.7223
30401,1950.9178
30402,3148.5522
30403,3498.297
30404,1876.8322
30405,3307.7673
30406,2204.5735
30407,1966.5599
30408,4652.032
30409,4050.6753
30410,3850.5
30411,3447.2207
30412,2324.4458
30413,1569.3309
30414,3286.3262
30415,7209.229
30416,4596.9937
30417,2835.482
30418,2260.2842
30419,2385.2063
30420,2349.934
30421,2525.2463
30422,4893.8096
30423,2348.5254
30424,3354.2622
30425,3379.6782
30426,3550.9397
30427,2701.69
30428,3134.0122
30429,5200.387
30430,3175.8074
30431,2185.579
30432,2646.847
30433,3173.1
30434,3614.7866
30435,4203.045
30436,2765.9856
30437,1880.5527
30438,1654.6669
30439,2961.2441
30440,1784.9133
30441,3081.7812
30442,3933.1892
30443,2897.779
30444,2728.762
30445,2302.7695
30446,3510.4858
30447,2058.4539
30448,1891.9392
30449,3523.1167
30450,2607.8167
30451,3702.3262
30452,2818.4036
30453,2163.3677
30454,5139.108
30455,2218.158
30456,1923.8522
30457,3417.712
30458,4111.1216
30459,4665.7285
30460,3541.0994
30461,2441.2637
30462,2548.52
30463,2865.814
30464,3299.095
30465,4342.8335
30466,994.9571
30467,2725.6084
30468,2167.596
30469,2105.5107
30470,2206.0464
30471,2947.1414
30472,2685.211
30473,2695.812
30474,3782.0723
30475,2549.066
30476,2414.213
30477,2658.4807
30478,2649.1587
30479,2836.3977
30480,3319.3843
30481,3270.7134
30482,2313.951
30483,3699.1384
30484,4093.6448
30485,3027.0515
30486,1984.9961
30487,1540.6699
30488,2752.811
30489,2764.2537
30490,3961.9927
30491,3035.4404
30492,2436.9832
30493,3146.8557
30494,2722.7236
30495,1943.9199
30496,3601.2773
30497,2669.5645
30498,3701.302
30499,4891.2383
30500,2828.8755
30501,2069.0308
30502,2065.0774
30503,2018.42
30504,1577.0829
30505,4955.515
30506,3999.899
30507,4263.352
30508,1849.0762
30509,2571.2817
30510,3141.016
30511,3955.3767
30512,2343.3965
30513,2188.4158
30514,2132.3303
30515,5044.3257
30516,1625.464
30517,3735.446
30518,3386.5847
30519,3097.4646
30520,3128.9248
30521,3157.2627
30522,2718.375
30523,1941.9863
30524,2105.9717
30525,5306.71
30526,4178.795
30527,4296.0273
30528,8532.175
30529,2371.1638
30530,273.60757
30531,3033.194
30532,4063.5046
30533,4555.0854
30534,4271.5586
30535,3031.2012
30536,3515.261
30537,2655.7405
30538,2776.5583
30539,2821.8916
30540,1634.7249
30541,2258.4346
30542,2199.6707
30543,2742.4294
30544,3674.8945
30545,6898.6094
30546,2494.2188
30547,2215.3027
30548,3572.3308
30549,1588.247
30550,2675.0
30551,2003.67
30552,4172.557
30553,2562.2725
30554,2503.5857
30555,5194.25
30556,5609.6963
30557,2586.1956
30558,3277.1816
30559,1570.3123
30560,1747.7837
30561,3875.351
30562,4098.9043
30563,2544.862
30564,2148.319
30565,2250.9817
30566,2558.9426
30567,3556.7266
30568,3119.1167
30569,1923.3383
30570,3214.567
30571,4011.4844
30572,3733.9604
30573,2177.261
30574,1628.936
30575,4018.4932
30576,2025.0588
30577,4288.228
30578,3126.9224
30579,2701.4219
30580,2597.248
30581,2077.0503
30582,1674.8033
30583,2573.4143
30584,2474.9
30585,3885.9048
30586,4432.2144
30587,4211.4326
30588,1958.62
30589,2323.551
30590,3360.514
30591,2267.52
30592,2033.624
30593,4084.8604
30594,350.15912
30595,3384.421
30596,2423.5847
30597,2983.5906
30598,2004.498
30599,4505.5283
30600,1986.3413
30601,5749.7383
30602,2369.7356
30603,958.8138
30604,2716.3022
30605,2980.43
30606,2556.8965
30607,7212.379
30608,2026.4911
30609,2511.466
30610,4388.8135
30611,2376.5325
30612,563.2153
30613,3001.7883
30614,2996.2979
30615,1693.8677
30616,2047.9417
30617,3551.0852
30618,2462.2903
30619,2054.6775
30620,3530.7944
30621,2172.1082
30622,5256.7686
30623,1300.1569
30624,1806.015
30625,3800.1616
30626,4163.1147
30627,2211.7874
30628,3397.4182
30629,2363.5376
30630,2769.5054
30631,3978.862
30632,2662.2625
30633,4518.1646
30634,1494.0374
30635,1136.7994
30636,2809.034
30637,1806.9458
30638,3251.413
30639,2120.8147
30640,5040.7324
30641,2525.1692
30642,2418.6658
30643,3061.9797
30644,3423.2524
30645,2584.0708
30646,3446.7407
30647,2773.9385
30648,2975.8982
30649,2530.8442
30650,3631.3
30651,3855.2302
30652,2865.9207
30653,1608.0865
30654,2761.5256
30655,4649.7207
30656,3415.5935
30657,7949.859
30658,2563.6492
30659,3202.6965
30660,4362.2974
30661,2758.4976
30662,1945.6318
30663,1046.7863
30664,3860.7505
30665,2437.0876
30666,3060.0903
30667,3733.3015
30668,2832.251
30669,3000.7346
30670,3259.783
30671,2243.5588
30672,2703.901
30673,3639.7969
30674,2395.0735
30675,2964.6855
30676,3719.1934
30677,2759.3674
30678,2898.0156
30679,4304.6704
30680,2823.6057
30681,2358.5637
30682,3298.6953
30683,2926.7134
30684,2859.6199
30685,3586.0461
30686,2806.8975
30687,3447.484
30688,2531.6992
30689,2296.663
30690,2405.2603
30691,3501.6125
30692,4982.109
30693,2119.42
30694,1591.7101
30695,4632.3936
30696,3679.89
30697,2488.1936
30698,3394.7227
30699,4712.95
30700,3051.4846
30701,2588.879
30702,2040.7109
30703,2530.7852
30704,3087.9377
30705,2633.3967
30706,3290.6272
30707,2810.8997
30708,2478.884
30709,4529.6904
30710,1981.2854
30711,1929.1232
30712,2949.0623
30713,5298.061
30714,3302.1177
30715,2984.3364
30716,1814.7906
30717,3119.4768
30718,3830.0076
30719,2529.5215
30720,3759.239
30721,2466.7212
30722,2517.365
30723,2114.3262
30724,2614.049
30725,2730.594
30726,2438.568
30727,2388.9802
30728,1775.9922
30729,3236.0093
30730,2917.3093
30731,1813.771
30732,2878.5142
30733,2689.0383
30734,2240.3416
30735,2483.4255
30736,3634.9355
30737,3675.9746
30738,2609.133
30739,2011.9788
30740,4120.3794
30741,2952.4614
30742,2227.704
30743,5699.4053
30744,4687.0195
30745,3153.5632
30746,2516.0947
30747,2700.2688
30748,4217.5234
30749,4912.902
30750,1765.694
30751,1997.8713
30752,2210.8232
30753,2736.1262
30754,4521.1
30755,3794.6846
30756,4286.1055
30757,6468.7812
30758,2025.2666
30759,4100.5586
30760,8518.507
30761,2293.3372
30762,2077.0405
30763,1708.4204
30764,5230.749
30765,3018.9216
30766,3097.9373
30767,6080.647
30768,2621.9404
30769,1512.1748
30770,2524.6995
30771,2747.903
30772,3667.3374
30773,3118.2688
30774,2963.6265
30775,2509.708
30776,1597.5542
30777,4452.9707
30778,1625.0654
30779,4848.9834
30780,2633.5237
30781,1674.8146
30782,2596.8987
30783,2629.463
30784,3454.308
30785,499.55157
30786,1974.8287
30787,2251.1792
30788,2345.3582
30789,2999.3867
30790,1629.4171
30791,2344.2764
30792,2070.6946
30793,3559.6458
30794,2725.1028
30795,2810.5322
30796,4439.382
30797,3300.858
30798,4964.9634
30799,2249.2234
30800,2554.011
30801,5589.389
30802,4930.7793
30803,2198.1519
30804,3909.0188
30805,2969.7312
30806,2345.1064
30807,2192.917
30808,2384.22
30809,2519.1619
30810,1946.0004
30811,2154.329
30812,2571.6719
30813,4143.2705
30814,2618.015
30815,8430.389
30816,2492.028
30817,3498.5474
30818,5524.4067
30819,8753.44
30820,4449.527
30821,5890.595
30822,4403.0244
30823,6541.65
30824,5385.2837
30825,2840.4446
30826,4459.6743
30827,5564.271
30828,5804.2627
30829,5174.5977
30830,7403.9326
30831,4267.783
30832,2898.859
30833,4610.5415
30834,7328.629
30835,7963.352
30836,7094.243
30837,5094.1343
30838,3314.2678
30839,4510.2544
30840,2918.5383
30841,7033.3296
30842,6980.725
30843,7814.374
30844,4298.979
30845,3801.311
30846,2771.1082
30847,4627.9546
30848,6402.169
30849,4326.959
30850,3352.2883
30851,4213.325
30852,6584.066
30853,2642.293
30854,5675.162
30855,3173.097
30856,5827.968
30857,5327.3667
30858,4604.621
30859,5905.2217
30860,6087.5645
30861,6079.3247
30862,5143.1094
30863,5221.5317
30864,7485.3057
30865,4468.6294
30866,7272.7056
30867,6816.386
30868,6222.6133
30869,4734.922
30870,5914.4497
30871,3777.4175
30872,4692.0474
30873,4667.233
30874,5644.175
30875,9172.131
30876,5311.217
30877,3592.1577
30878,5428.2637
30879,5435.6885
30880,6648.663
30881,2849.4324
30882,11411.532
30883,3411.5784
30884,5346.0234
30885,6878.976
30886,3041.4436
30887,3958.064
30888,4537.5654
30889,5594.3926
30890,4416.4385
30891,4445.9805
30892,8157.5723
30893,4085.85
30894,4488.486
30895,4110.0
30896,5240.7275
30897,9597.601
30898,5511.212
30899,5062.749
30900,4147.672
30901,4398.961
30902,4919.997
30903,6027.964
30904,3691.2458
30905,5332.6543
30906,3672.3398
30907,5192.432
30908,9828.093
30909,4072.76
30910,4224.61
30911,3943.6335
30912,5688.521
30913,6135.821
30914,3551.2817
30915,4009.384
30916,4163.4526
30917,4144.923
30918,4649.0376
30919,6713.1377
30920,6788.001
30921,5996.8984
30922,3902.3237
30923,4059.8123
30924,4914.636
30925,5705.9326
30926,5625.664
30927,6103.064
30928,5860.3267
30929,4723.396
30930,6875.4014
30931,3884.8635
30932,2354.4258
30933,6202.046
30934,4446.3706
30935,8063.507
30936,5850.709
30937,6062.5146
30938,4366.473
30939,6059.676
30940,5901.0776
30941,5723.1514
30942,3476.8716
30943,4352.3306
30944,5402.4727
30945,4303.324
30946,4260.413
30947,5784.25
30948,2484.3533
30949,4181.666
30950,4012.315
30951,3819.9407
30952,5125.518
30953,5816.6274
30954,5779.0938
30955,3672.6272
30956,2618.1047
30957,4678.104
30958,2561.3743
30959,4488.995
30960,3418.9707
30961,6616.21
30962,5738.293
30963,4977.957
30964,9674.018
30965,3188.539
30966,3663.858
30967,6829.597
30968,5226.51
30969,5960.7993
30970,6372.694
30971,3588.9482
30972,4988.5947
30973,5035.5566
30974,5527.1265
30975,7915.0557
30976,6131.17
30977,2622.5645
30978,3862.8098
30979,6282.9634
30980,6534.946
30981,3357.2393
30982,4305.3687
30983,3430.9387
30984,4667.9097
30985,2985.0198
30986,4113.8247
30987,4976.2
30988,5357.7593
30989,4641.9033
30990,3010.0613
30991,5949.0986
30992,6560.8584
30993,6509.6133
30994,3837.0872
30995,6681.632
30996,7615.587
30997,4907.567
30998,5087.554
30999,3664.8718
31000,5282.892
31001,3061.232
31002,4312.249
31003,3924.5693
31004,6553.6846
31005,5645.338
31006,5312.656
31007,6152.746
31008,4592.795
31009,5653.8687
31010,14618.112
31011,6429.7935
31012,4030.986
31013,3099.7969
31014,5088.6074
31015,6064.203
31016,5454.3496
31017,10478.621
31018,16645.217
31019,3507.2422
31020,3284.9282
31021,7380.355
31022,3352.589
31023,6415.6055
31024,5005.287
31025,5632.2197
31026,4346.6006
31027,4952.812
31028,3918.5913
31029,4283.367
31030,6625.657
31031,5156.4854
31032,5074.3716
31033,2553.0244
31034,1718.1929
31035,2955.9631
31036,5254.593
31037,3917.3318
31038,4801.045
31039,5520.1875
31040,4959.222
31041,4685.419
31042,5648.893
31043,5542.2095
31044,6537.982
31045,8263.637
31046,4279.124
31047,4730.804
31048,2894.762
31049,5158.512
31050,5426.9385
31051,5053.5576
31052,4454.704
31053,9966.733
31054,4646.032
31055,8049.6826
31056,5598.1875
31057,4127.787
31058,3970.1306
31059,4793.9746
31060,7847.14
31061,4209.1436
31062,6052.334
31063,11925.163
31064,6125.0674
31065,5840.7783
31066,4224.336
31067,3882.5554
31068,5307.905
31069,3216.5852
31070,3217.466
31071,5356.799
31072,4124.284
31073,11134.506
31074,9660.225
31075,4137.9146
31076,4400.3584
31077,4416.8135
31078,4691.958
31079,4454.0283
31080,4540.3623
31081,5422.6333
31082,7196.6562
31083,3170.6006
31084,5829.8857
31085,4489.479
31086,8425.693
31087,4972.523
31088,4530.5806
31089,4815.832
31090,6185.4805
31091,6362.399
31092,6545.619
31093,5191.605
31094,7707.045
31095,4765.0293
31096,7182.571
31097,4339.3716
31098,3220.703
31099,3739.3855
31100,7125.9136
31101,5054.71
31102,5718.5513
31103,5082.0737
31104,6710.987
31105,3106.2917
31106,6466.758
31107,5831.226
31108,2831.8472
31109,11629.934
31110,13544.028
31111,5188.1
31112,5218.5645
31113,5826.1665
31114,8021.149
31115,8335.093
31116,4778.338
31117,5102.7954
31118,4741.1406
31119,6246.5664
31120,3712.4514
31121,4108.581
31122,3968.033
31123,4984.314
31124,5945.0654
31125,4147.0347
31126,3334.345
31127,5662.817
31128,3438.9045
31129,3145.469
31130,4051.6917
31131,4658.7686
31132,6737.4883
31133,6462.158
31134,6236.2437
31135,4510.9126
31136,5468.3784
31137,8106.1963
31138,5002.3564
31139,4080.1365
31140,3681.6455
31141,7852.591
31142,3162.52
31143,5166.386
31144,2508.9922
31145,3003.9167
31146,6259.8076
31147,4848.341
31148,4681.278
31149,7254.672
31150,6580.6377
31151,8911.016
31152,5021.469
31153,8886.5205
31154,2379.5457
31155,4819.3843
31156,4802.3916
31157,3000.6116
31158,6540.826
31159,3800.169
31160,4540.137
31161,6802.7466
31162,8366.969
31163,6617.3394
31164,5317.6904
31165,4100.1167
31166,10881.106
31167,6160.9795
31168,4085.0786
31169,3967.42
31170,4955.515
31171,7377.09
31172,4138.436
31173,4728.7515
31174,6415.2563
31175,6405.926
31176,10783.691
31177,4711.431
31178,8254.058
31179,4438.442
31180,4138.6294
31181,2307.5771
31182,5124.2227
31183,4843.82
31184,3960.5908
31185,6097.6816
31186,3374.5718
31187,3041.4116
31188,5414.2554
31189,3031.0103
31190,6285.7563
31191,4771.119
31192,7185.1133
31193,5425.1685
31194,3506.3726
31195,6380.9595
31196,2460.2039
31197,4312.208
31198,5265.36
31199,4176.129
31200,8287.925
31201,4684.9854
31202,3946.0417
31203,5714.958
31204,6664.5864
31205,4927.3945
31206,5565.0513
31207,6344.328
31208,4115.171
31209,5988.9014
31210,4442.4785
31211,5436.456
31212,4475.7407
31213,4766.975
31214,4605.4077
31215,4432.493
31216,3436.9104
31217,4469.0
31218,7080.5947
31219,8780.289
31220,8733.617
31221,7119.5273
31222,6909.0
31223,6037.758
31224,3693.2783
31225,9261.842
31226,7941.265
31227,5095.466
31228,6830.952
31229,6767.779
31230,4836.7236
31231,2419.2058
31232,8554.208
31233,4991.4175
31234,5699.3345
31235,5502.918
31236,1974.3145
31237,3948.8132
31238,5575.7896
31239,5287.52
31240,3075.4404
31241,4315.9155
31242,5347.7217
31243,6277.2305
31244,5248.787
31245,4603.8745
31246,3613.99
31247,2907.4517
31248,2704.6182
31249,5042.6416
31250,13532.008
31251,3780.0344
31252,4360.1094
31253,5433.8433
31254,3949.9812
31255,4448.5596
31256,3715.1367
31257,3761.079
31258,5824.422
31259,5018.8403
31260,3247.9006
31261,6454.1807
31262,4177.5635
31263,3693.9548
31264,8721.464
31265,6537.876
31266,7869.5737
31267,4112.353
31268,4412.005
31269,3166.0034
31270,4127.984
31271,11571.448
31272,8811.044
31273,5120.646
31274,4160.467
31275,4283.273
31276,4559.4717
31277,3991.2393
31278,7844.5063
31279,4623.1807
31280,4102.601
31281,5774.2173
31282,4033.3323
31283,5022.715
31284,6115.581
31285,6060.127
31286,6001.4243
31287,3688.7185
31288,4996.076
31289,5733.7954
31290,7139.8945
31291,6599.3
31292,5257.0693
31293,3455.6396
31294,3095.7363
31295,4955.6426
31296,3474.6003
31297,4866.8745
31298,6555.4224
31299,4511.3086
31300,5255.2793
31301,4354.191
31302,4362.8345
31303,3957.4412
31304,3707.5356
31305,6744.747
31306,4870.4736
31307,7057.4277
31308,5112.4663
31309,3587.5552
31310,8265.6
31311,3872.1177
31312,3475.7373
31313,6395.3027
31314,7709.4487
31315,8110.8984
31316,4552.297
31317,4418.9673
31318,4879.532
31319,5380.8984
31320,4895.5137
31321,6868.1587
31322,1850.8591
31323,4729.076
31324,3452.977
31325,4116.753
31326,4251.3438
31327,5509.5723
31328,5326.0913
31329,5074.0957
31330,7215.84
31331,5018.5005
31332,6241.07
31333,4315.673
31334,5195.256
31335,5827.306
31336,6093.1064
31337,5024.67
31338,3148.0115
31339,8129.6025
31340,4067.631
31341,4584.343
31342,3826.7974
31343,3341.7039
31344,5351.033
31345,4314.557
31346,6359.517
31347,5474.124
31348,4035.9417
31349,4560.8203
31350,4717.722
31351,3764.787
31352,6571.5117
31353,4094.7773
31354,6701.149
31355,7119.2764
31356,5705.165
31357,3934.1423
31358,3946.4785
31359,3598.8323
31360,2721.6018
31361,7783.1104
31362,4372.3623
31363,7061.333
31364,3136.6982
31365,4415.971
31366,5646.081
31367,6150.8687
31368,4332.9067
31369,4067.701
31370,3669.2024
31371,6119.135
31372,3096.5723
31373,6346.8823
31374,6377.2295
31375,6061.4854
31376,5939.5166
31377,5150.429
31378,4897.924
31379,3770.847
31380,3934.0034
31381,9650.518
31382,5569.432
31383,8256.263
31384,13517.754
31385,3540.1436
31386,550.2346
31387,4997.525
31388,6683.7734
31389,8855.942
31390,5086.317
31391,5680.4966
31392,5862.2944
31393,5150.4
31394,5039.4297
31395,4193.794
31396,3240.5225
31397,4209.581
31398,3686.1262
31399,4208.8945
31400,5661.1646
31401,11500.504
31402,4777.6816
31403,4146.9873
31404,5592.7383
31405,2701.8948
31406,5014.682
31407,3938.791
31408,7594.5513
31409,4696.9014
31410,4662.0674
31411,10020.625
31412,8663.032
31413,4221.895
31414,5983.1973
31415,2874.8079
31416,3594.9824
31417,5422.1626
31418,7577.309
31419,3897.9707
31420,4015.8413
31421,4409.9136
31422,4895.654
31423,5132.5386
31424,4834.4956
31425,3668.261
31426,5930.0967
31427,6578.065
31428,5537.094
31429,3598.8665
31430,2558.5522
31431,6778.6455
31432,3977.6096
31433,7167.016
31434,3613.173
31435,4438.8486
31436,4978.0566
31437,3596.828
31438,3303.608
31439,4110.89
31440,4459.985
31441,7551.89
31442,7204.6714
31443,4932.172
31444,3808.7446
31445,4527.302
31446,5570.4946
31447,4022.927
31448,3992.2637
31449,4937.171
31450,703.6566
31451,6117.419
31452,4403.0537
31453,5984.881
31454,3868.6582
31455,7491.613
31456,3940.5913
31457,9849.44
31458,4343.0903
31459,5677.712
31460,4145.765
31461,3398.1216
31462,5162.455
31463,14459.236
31464,3254.7244
31465,3779.2737
31466,6889.791
31467,4314.0884
31468,1061.2869
31469,5759.7065
31470,4619.46
31471,3201.3708
31472,3807.2263
31473,6679.988
31474,4607.42
31475,4073.2805
31476,6460.192
31477,4204.8096
31478,6424.65
31479,2456.177
31480,3524.263
31481,7268.8013
31482,7655.526
31483,4298.4746
31484,5707.4893
31485,4152.054
31486,5107.626
31487,6974.842
31488,4813.646
31489,7417.879
31490,2813.325
31491,1358.5857
31492,6334.623
31493,3158.718
31494,6233.5317
31495,4202.2715
31496,8901.663
31497,4284.1846
31498,4536.1113
31499,5362.852
31500,5788.2515
31501,4576.596
31502,6242.9453
31503,5195.405
31504,5205.832
31505,5047.873
31506,6912.1177
31507,7337.2246
31508,5925.647
31509,3187.0034
31510,5326.7314
31511,5599.0635
31512,4032.513
31513,9243.671
31514,4705.2104
31515,5396.298
31516,8425.043
31517,5207.8584
31518,3878.6536
31519,1953.2386
31520,7637.6426
31521,4643.9585
31522,5438.1157
31523,7008.559
31524,5163.7354
31525,5233.07
31526,5509.672
31527,4306.938
31528,5201.216
31529,5876.9688
31530,3701.1184
31531,5929.6387
31532,5497.9966
31533,4514.6577
31534,5178.9136
31535,5181.567
31536,4607.53
31537,4393.8735
31538,5911.1445
31539,4795.886
31540,5193.963
31541,5377.5635
31542,4736.191
31543,7039.236
31544,4245.342
31545,4342.755
31546,4333.7
31547,5648.1816
31548,5964.047
31549,4071.2334
31550,3169.9443
31551,5745.807
31552,6724.5
31553,4869.7397
31554,5341.1963
31555,5543.388
31556,4993.613
31557,4017.7495
31558,3211.8909
31559,5122.307
31560,4948.5146
31561,4309.9463
31562,6181.57
31563,5706.433
31564,4246.512
31565,6652.342
31566,4113.3535
31567,2313.143
31568,5197.719
31569,10566.003
31570,5227.8364
31571,4887.9175
31572,3433.0308
31573,5114.017
31574,6878.6875
31575,3939.242
31576,7160.675
31577,4195.454
31578,4816.2363
31579,4217.829
31580,4287.8394
31581,4627.659
31582,3804.761
31583,3704.7957
31584,3363.0027
31585,6382.2197
31586,5401.468
31587,3390.9165
31588,4796.815
31589,5049.828
31590,4702.218
31591,4079.2063
31592,6653.4463
31593,5611.4087
31594,4404.02
31595,3397.9854
31596,7044.179
31597,5200.6255
31598,3762.5576
31599,6298.3296
31600,5827.7617
31601,5306.993
31602,4645.177
31603,5391.703
31604,6836.923
31605,10954.319
31606,3084.2695
31607,3318.4375
31608,3231.8628
31609,4504.2393
31610,5078.25
31611,6977.949
31612,6205.608
31613,4477.8804
31614,3089.523
31615,4622.5767
31616,9158.782
31617,3718.1184
31618,5138.711
31619,3363.7053
31620,5804.7495
31621,6625.335
31622,4991.9175
31623,7567.068
31624,4977.8667
31625,2801.9773
31626,4627.999
31627,5037.954
31628,7010.003
31629,4965.3994
31630,5479.207
31631,4655.0415
31632,3008.2815
31633,7052.8247
31634,3283.819
31635,8037.9136
31636,4818.102
31637,3217.1316
31638,5049.2983
31639,5035.9985
31640,6007.14
31641,787.3742
31642,3270.626
31643,3357.2393
31644,4557.0894
31645,5975.84
31646,3158.04
31647,4475.971
31648,4170.0864
31649,4238.544
31650,4987.724
31651,4487.6895
31652,7441.824
31653,6223.741
31654,9335.533
31655,4068.3296
31656,4022.4548
31657,10273.723
31658,8368.35
31659,3308.9668
31660,6963.3423
31661,5544.98
31662,4698.1157
31663,3758.4216
31664,3743.983
31665,4779.0674
31666,3646.7686
31667,3975.751
31668,3787.7878
31669,6772.4995
31670,4704.349
31671,15840.015
31672,4815.933
31673,3713.2625
31674,6198.545
31675,9953.785
31676,4730.8223
31677,5933.424
31678,4583.8184
31679,6390.9917
31680,5776.278
31681,3200.9006
31682,4306.26
31683,5543.806
31684,6784.3506
31685,5230.4497
31686,7758.762
31687,4197.9805
31688,3242.282
31689,4654.0073
31690,7955.2065
31691,8482.711
31692,8764.869
31693,6032.2373
31694,3483.395
31695,4536.276
31696,3176.274
31697,6457.192
31698,7356.5093
31699,8120.9536
31700,4130.3945
31701,4311.492
31702,3713.925
31703,5137.2065
31704,7614.3887
31705,4937.6274
31706,3249.0317
31707,4253.944
31708,6847.6914
31709,2727.5452
31710,5757.279
31711,3223.5093
31712,5768.47
31713,5260.0186
31714,4785.842
31715,5914.0093
31716,6227.696
31717,6086.3394
31718,5614.4927
31719,5255.119
31720,7613.7783
31721,4902.0557
31722,7593.255
31723,7863.3086
31724,6950.555
31725,5597.8247
31726,7589.9097
31727,3741.0017
31728,4890.179
31729,4513.4043
31730,5775.1978
31731,8844.774
31732,5421.1646
31733,4247.6914
31734,6120.6465
31735,5763.092
31736,7485.049
31737,2869.4907
31738,12447.681
31739,3618.5679
31740,5689.0693
31741,5895.5474
31742,3381.1228
31743,4283.257
31744,5338.008
31745,6145.4854
31746,4609.376
31747,4451.0254
31748,9464.265
31749,4658.7686
31750,4695.808
31751,4781.0737
31752,5389.0293
31753,9937.242
31754,5785.1274
31755,5406.4165
31756,4516.8887
31757,4572.0146
31758,4893.9966
31759,6214.3096
31760,3349.798
31761,6702.9775
31762,3830.1318
31763,5198.5474
31764,10266.405
31765,3659.3313
31766,3800.8977
31767,3964.8738
31768,6165.1475
31769,7007.3623
31770,3899.198
31771,4197.404
31772,4610.273
31773,4686.6304
31774,4716.4175
31775,6914.439
31776,6838.3643
31777,6114.805
31778,4363.03
31779,3778.167
31780,5022.226
31781,7074.7417
31782,6424.301
31783,6302.6445
31784,6127.8667
31785,4677.899
31786,7084.4453
31787,4244.2124
31788,2306.558
31789,7007.469
31790,4767.4526
31791,8367.112
31792,6369.6367
31793,6257.5093
31794,4553.4653
31795,6204.158
31796,5862.3003
31797,5821.2227
31798,3483.6045
31799,5222.832
31800,6422.0156
31801,4590.9204
31802,4460.989
31803,6429.2964
31804,3024.4536
31805,4881.4365
31806,4685.236
31807,3941.956
31808,5938.4854
31809,5890.3086
31810,5819.2075
31811,4039.1924
31812,3869.4517
31813,5163.381
31814,2752.228
31815,5367.4575
31816,3824.699
31817,6765.8687
31818,6334.901
31819,5196.862
31820,9978.347
31821,3915.0156
31822,4009.6824
31823,8431.329
31824,5420.058
31825,6037.844
31826,6723.378
31827,4461.6187
31828,5095.9565
31829,5279.104
31830,6602.8574
31831,9275.465
31832,6205.916
31833,2627.734
31834,3936.924
31835,6605.503
31836,6603.2354
31837,4344.694
31838,5128.516
31839,3954.5166
31840,5273.266
31841,2684.8535
31842,3953.8716
31843,5149.874
31844,6030.54
31845,5575.098
31846,4474.836
31847,6183.221
31848,6626.5356
31849,6697.309
31850,4080.183
31851,7893.8555
31852,7073.3584
31853,4728.8735
31854,7200.0205
31855,4031.9514
31856,5239.558
31857,3113.9197
31858,5032.551
31859,3852.2488
31860,7892.7036
31861,5850.2734
31862,5597.579
31863,6290.9927
31864,4665.8267
31865,6303.6665
31866,16476.186
31867,7160.518
31868,4623.031
31869,3123.8723
31870,5033.7993
31871,6910.219
31872,5643.615
31873,12079.678
31874,16420.795
31875,3648.5083
31876,3845.0823
31877,7610.054
31878,3457.5193
31879,6348.832
31880,5220.7104
31881,5987.93
31882,4545.9097
31883,5227.786
31884,4365.3154
31885,4449.2896
31886,7506.5044
31887,5205.713
31888,5043.161
31889,2955.082
31890,1933.3337
31891,3459.7727
31892,5574.694
31893,4322.211
31894,4825.8477
31895,5946.869
31896,5397.4814
31897,4850.376
31898,5975.1445
31899,5877.3945
31900,6632.815
31901,8929.077
31902,4445.145
31903,4840.8774
31904,2908.349
31905,5659.0645
31906,5692.0654
31907,5111.686
31908,4774.283
31909,11989.689
31910,5102.3184
31911,9242.313
31912,5846.642
31913,4253.1934
31914,4138.7
31915,5074.449
31916,8120.311
31917,4261.0347
31918,6161.691
31919,12559.671
31920,6295.2485
31921,5974.637
31922,4054.9976
31923,3839.6357
31924,5374.8096
31925,3430.343
31926,3730.45
31927,5627.5693
31928,4462.389
31929,12678.8955
31930,10560.774
31931,4289.2427
31932,4758.2163
31933,5094.217
31934,5464.2383
31935,4656.8228
31936,5538.721
31937,5826.189
31938,7604.583
31939,3771.509
31940,6725.0195
31941,4402.441
31942,9566.519
31943,5496.161
31944,4962.7285
31945,5364.796
31946,6601.8184
31947,6484.2188
31948,6832.1577
31949,5182.9116
31950,7848.555
31951,5307.241
31952,8629.765
31953,5017.151
31954,3592.1506
31955,3813.831
31956,7357.0283
31957,5160.323
31958,5831.1313
31959,5209.3735
31960,7040.5986
31961,3467.703
31962,7509.2183
31963,5727.1597
31964,3245.776
31965,10717.331
31966,16404.703
31967,5354.326
31968,5714.8545
31969,8026.8203
31970,7753.325
31971,8709.0205
31972,4087.156
31973,5841.0903
31974,4807.048
31975,7102.3477
31976,3416.2974
31977,5588.078
31978,4413.693
31979,5040.3286
31980,6181.4404
31981,4594.6484
31982,3970.672
31983,5799.658
31984,3546.5862
31985,3438.7568
31986,4505.1846
31987,5016.73
31988,7552.6465
31989,7442.13
31990,6534.2603
31991,5050.8545
31992,5463.6284
31993,8495.949
31994,5515.1143
31995,4281.77
31996,4247.29
31997,7790.8423
31998,3714.7788
31999,5472.2397
32000,2838.719
32001,4086.8247
32002,6390.0347
32003,4909.3696
32004,4593.452
32005,7424.766
32006,8140.093
32007,9292.652
32008,5221.288
32009,9213.103
32010,2652.6208
32011,4899.6436
32012,4647.7163
32013,3292.2349
32014,7516.112
32015,4097.7354
32016,4704.9595
32017,6813.487
32018,8624.713
32019,6626.46
32020,5298.8345
32021,4045.3003
32022,12136.482
32023,6033.6587
32024,5183.1836
32025,4570.057
32026,5684.605
32027,7659.7983
32028,4025.2493
32029,4903.6504
32030,6502.4272
32031,6250.518
32032,12774.812
32033,4888.1787
32034,10946.268
32035,4941.6797
32036,4323.7534
32037,2872.5613
32038,5634.9497
32039,4852.736
32040,4428.132
32041,6079.093
32042,3747.4917
32043,3610.7163
32044,5680.128
32045,3184.8638
32046,6592.927
32047,5245.989
32048,7268.524
32049,6327.31
32050,4044.0964
32051,7727.633
32052,2844.9126
32053,4834.228
32054,5318.147
32055,4278.3525
32056,8393.842
32057,5639.224
32058,4451.7983
32059,5395.2373
32060,7077.475
32061,5746.5415
32062,5759.937
32063,7163.6807
32064,4231.7007
32065,6369.892
32066,4474.012
32067,6481.411
32068,5187.5757
32069,5599.416
32070,4766.311
32071,4580.8633
32072,3889.799
32073,4534.7617
32074,7190.989
32075,9613.486
32076,8979.397
32077,7659.4404
32078,7130.251
32079,6658.754
32080,4309.7734
32081,9150.33
32082,9447.292
32083,5106.3936
32084,6563.556
32085,7678.722
32086,4927.968
32087,2601.6252
32088,9118.809
32089,5290.471
32090,5734.583
32091,5742.8926
32092,2084.223
32093,4263.454
32094,5688.9443
32095,4827.827
32096,3497.5063
32097,4253.1123
32098,5688.695
32099,6586.8423
32100,5432.1436
32101,5120.8315
32102,3696.7678
32103,3382.3843
32104,2831.4812
32105,5705.84
32106,15156.479
32107,3707.3235
32108,4834.698
32109,5274.423
32110,4529.855
32111,4325.7334
32112,4147.5454
32113,4166.15
32114,6292.331
32115,5625.4707
32116,3469.5261
32117,7404.3
32118,4238.928
32119,4145.172
32120,8986.792
32121,6495.8564
32122,8313.409
32123,4369.827
32124,5413.3984
32125,3396.9548
32126,4181.1475
32127,12073.573
32128,9030.518
32129,5355.317
32130,4700.106
32131,4411.5796
32132,5089.9766
32133,3652.994
32134,8772.722
32135,4655.215
32136,4324.838
32137,5788.0195
32138,4035.3875
32139,5142.5405
32140,6262.7637
32141,6188.3013
32142,6158.641
32143,3896.231
32144,5316.4272
32145,5606.3745
32146,7313.8667
32147,6730.4805
32148,6025.32
32149,3509.0024
32150,3496.6323
32151,5441.4106
32152,4168.277
32153,5643.486
32154,6638.98
32155,4625.408
32156,5421.0303
32157,5172.5005
32158,4467.0483
32159,4397.2324
32160,3824.9106
32161,6701.9033
32162,4887.12
32163,8034.426
32164,5238.4087
32165,3911.9321
32166,9535.364
32167,5078.3955
32168,3025.911
32169,6482.7837
32170,9154.468
32171,8918.336
32172,4728.553
32173,4597.4673
32174,5098.1055
32175,6233.2524
32176,4687.368
32177,6417.7104
32178,1834.4556
32179,4664.202
32180,4383.153
32181,4186.9907
32182,4662.8276
32183,5660.6353
32184,6256.1606
32185,5330.935
32186,7210.797
32187,5765.8296
32188,6401.485
32189,4241.6865
32190,5621.85
32191,5853.913
32192,6802.195
32193,6388.627
32194,3147.414
32195,7990.75
32196,4063.2644
32197,5582.0366
32198,4368.3647
32199,3776.9634
32200,5931.896
32201,4707.105
32202,7106.508
32203,5629.0513
32204,4643.281
32205,5492.9067
32206,5181.0874
32207,4415.1074
32208,6892.7817
32209,4845.451
32210,7890.882
32211,7990.4224
32212,6533.5996
32213,4412.1733
32214,3950.7688
32215,3614.3108
32216,2764.66
32217,8420.375
32218,4283.8247
32219,7622.585
32220,3127.6296
32221,4352.538
32222,5805.5693
32223,7514.5205
32224,4312.167
32225,3984.0842
32226,4011.622
32227,6243.404
32228,3526.9333
32229,6488.933
32230,6499.141
32231,7248.4746
32232,6140.3584
32233,6042.753
32234,5025.653
32235,3947.3293
32236,4427.756
32237,8946.997
32238,6450.8945
32239,9796.264
32240,13282.323
32241,4337.861
32242,591.03735
32243,5738.6816
32244,6771.582
32245,8922.974
32246,5231.203
32247,6637.2705
32248,6717.4614
32249,5401.4834
32250,5074.991
32251,4380.411
32252,3378.073
32253,4231.0625
32254,3487.1255
32255,4268.5894
32256,6163.1367
32257,15169.465
32258,5604.781
32259,4305.4346
32260,6331.204
32261,2960.9475
32262,5191.2485
32263,4365.8315
32264,7504.8433
32265,5217.8325
32266,5573.4443
32267,10549.881
32268,10572.475
32269,3991.2432
32270,5883.8115
32271,2949.5505
32272,4445.7896
32273,5639.7407
32274,7357.9404
32275,2439.0393
32276,4012.6594
32277,4664.5537
32278,5004.614
32279,5474.474
32280,5362.1714
32281,3867.865
32282,6061.491
32283,7137.1235
32284,5452.446
32285,3420.713
32286,3021.7974
32287,6699.5513
32288,4438.2305
32289,8089.3276
32290,3646.313
32291,4618.9097
32292,5447.5854
32293,4003.598
32294,3717.4766
32295,4356.16
32296,5308.178
32297,7987.6943
32298,7787.3726
32299,4947.906
32300,4026.29
32301,4754.174
32302,6100.48
32303,4123.2925
32304,4414.4126
32305,5171.1045
32306,787.6126
32307,6184.466
32308,4754.2236
32309,6834.243
32310,4172.183
32311,7815.6265
32312,4827.003
32313,10750.983
32314,4700.729
32315,5696.2695
32316,4165.7847
32317,3742.883
32318,5672.456
32319,14371.645
32320,2937.5051
32321,4152.854
32322,8394.667
32323,5467.6323
32324,1078.0941
32325,6643.7817
32326,5409.9863
32327,3802.011
32328,3992.6558
32329,7890.363
32330,4925.3125
32331,4286.6494
32332,6837.8296
32333,4535.7393
32334,6724.8594
32335,2571.7332
32336,4019.3403
32337,7448.4
32338,8137.3213
32339,4396.2676
32340,6280.9917
32341,6240.3076
32342,5058.3467
32343,7024.0044
32344,5525.2236
32345,6346.658
32346,3205.5361
32347,1664.7539
32348,7087.5815
32349,3694.1802
32350,7291.8
32351,4336.14
32352,6215.56
32353,4167.402
32354,5167.1055
32355,5420.477
32356,5926.467
32357,5327.4023
32358,6245.298
32359,5923.053
32360,6536.616
32361,5772.2627
32362,6243.201
32363,8795.335
32364,6207.3843
32365,3204.4019
32366,5909.335
32367,6001.035
32368,4312.3477
32369,9383.291
32370,4766.179
32371,5386.717
32372,8939.652
32373,6147.9653
32374,3995.6772
32375,333.67804
32376,9131.986
32377,4891.2524
32378,6028.194
32379,7619.489
32380,5448.536
32381,5599.934
32382,4076.7168
32383,4805.594
32384,5413.822
32385,5973.3096
32386,4080.2417
32387,6475.819
32388,5069.287
32389,4952.5757
32390,5994.0503
32391,5441.748
32392,5879.688
32393,4453.8203
32394,6239.3257
32395,5664.605
32396,5463.9937
32397,5075.001
32398,5438.9146
32399,7403.4243
32400,4543.1094
32401,4366.5483
32402,4611.1
32403,5940.899
32404,6236.6245
32405,4269.3467
32406,3366.1191
32407,5564.292
32408,7469.886
32409,5137.089
32410,5515.9136
32411,5692.2935
32412,4604.898
32413,4161.098
32414,2902.5933
32415,5808.311
32416,5053.148
32417,5284.555
32418,7000.001
32419,6573.204
32420,4193.022
32421,7178.585
32422,4027.1157
32423,2480.4465
32424,5505.2173
32425,11251.9795
32426,6019.0586
32427,5856.2417
32428,3500.8345
32429,5720.4556
32430,8427.124
32431,4752.1157
32432,7079.001
32433,4254.451
32434,4820.598
32435,4189.7314
32436,4639.354
32437,4507.7554
32438,3834.8955
32439,3893.422
32440,3540.2312
32441,6621.6016
32442,6180.2905
32443,3808.1016
32444,5641.2363
32445,5132.71
32446,4721.81
32447,4220.3003
32448,6691.8813
32449,5608.1445
32450,4663.544
32451,3448.4805
32452,9794.236
32453,5532.533
32454,4245.103
32455,6156.709
32456,5940.253
32457,5924.2114
32458,4863.793
32459,5550.277
32460,8226.974
32461,11401.109
32462,3882.9775
32463,3797.962
32464,3453.221
32465,5359.8296
32466,5119.689
32467,7239.6235
32468,6028.384
32469,4607.9385
32470,3323.9314
32471,4546.0654
32472,10162.146
32473,3192.0818
32474,5388.017
32475,3423.7195
32476,5950.3525
32477,6782.972
32478,6275.842
32479,7639.0195
32480,5666.475
32481,3089.414
32482,4692.141
32483,5905.419
32484,7553.36
32485,6142.5435
32486,6078.397
32487,4683.511
32488,3516.6025
32489,8364.607
32490,3685.743
32491,8056.6416
32492,4813.0034
32493,3599.6562
32494,5243.2026
32495,4828.9004
32496,6240.9385
32497,895.12805
32498,3538.641
32499,3142.071
32500,5130.571
32501,6348.735
32502,3578.18
32503,5046.607
32504,4810.502
32505,4343.6167
32506,5289.0283
32507,4773.1177
32508,8211.655
32509,7209.9097
32510,9587.93
32511,4250.261
32512,4419.439
32513,10108.805
32514,8651.299
32515,3875.2402
32516,7290.7915
32517,5962.3574
32518,4973.856
32519,3874.2163
32520,4355.2876
32521,5045.0664
32522,3490.5334
32523,4179.2773
32524,4121.1494
32525,6378.0874
32526,5068.2285
32527,19167.451
32528,5536.767
32529,3818.465
32530,5367.657
32531,10454.922
32532,5432.1694
32533,6530.615
32534,4477.615
32535,7350.239
32536,6457.432
32537,3640.4739
32538,5045.6006
32539,6449.0117
32540,7033.632
32541,5671.85
32542,8815.272
32543,4662.6587
32544,3563.0735
32545,4977.0547
32546,8939.951
32547,8910.226
32548,9385.851
32549,6828.0728
32550,3502.2073
32551,5374.3945
32552,3736.0376
32553,7550.4717
32554,8979.338
32555,8737.792
32556,4693.359
32557,4185.2935
32558,4143.7095
32559,6070.2856
32560,8048.7075
32561,5604.6953
32562,4506.9126
32563,4657.467
32564,6977.4634
32565,3189.534
32566,6229.496
32567,3776.2827
32568,7170.4277
32569,5936.5146
32570,5466.9287
32571,7168.144
32572,7224.2827
32573,6456.7607
32574,6224.679
32575,6207.8223
32576,8578.491
32577,5465.797
32578,8484.037
32579,8464.655
32580,7746.8496
32581,6075.8525
32582,8112.322
32583,4237.719
32584,5277.634
32585,5691.137
32586,6572.3955
32587,9455.702
32588,6339.507
32589,4764.343
32590,6798.8545
32591,6172.167
32592,7651.0146
32593,3373.1074
32594,13822.711
32595,4209.6895
32596,5680.28
32597,7305.6187
32598,3674.723
32599,5095.8447
32600,6601.6167
32601,6753.85
32602,4563.1616
32603,5021.7617
32604,11020.402
32605,5289.482
32606,5401.525
32607,5512.385
32608,5486.581
32609,11019.467
32610,6158.941
32611,6455.209
32612,5511.002
32613,4734.7773
32614,5508.884
32615,6417.9067
32616,3523.4426
32617,8043.029
32618,4128.846
32619,5974.768
32620,11130.948
32621,3807.535
32622,4566.5317
32623,4343.3057
32624,6845.621
32625,8123.324
32626,4350.5703
32627,4733.671
32628,5273.266
32629,5054.975
32630,5442.0176
32631,7066.1636
32632,7124.072
32633,6982.21
32634,4855.6533
32635,3908.687
32636,5272.0337
32637,7563.8135
32638,8743.077
32639,6880.9385
32640,6665.909
32641,5004.122
32642,7845.524
32643,4513.99
32644,2353.1042
32645,8012.3174
32646,5606.353
32647,8705.54
32648,6759.818
32649,6781.6006
32650,4983.625
32651,6630.1016
32652,6871.481
32653,6103.2505
32654,3736.155
32655,5566.5854
32656,6909.7715
32657,4978.8403
32658,5024.0996
32659,6756.453
32660,3027.2593
32661,5159.0977
32662,4880.915
32663,4291.76
32664,6184.8315
32665,6394.315
32666,6248.9385
32667,4796.0513
32668,3867.0312
32669,5502.1675
32670,2908.5225
32671,5846.6084
32672,4507.6865
32673,7488.4336
32674,5568.4175
32675,5580.5674
32676,10467.055
32677,4003.0022
32678,4290.908
32679,8757.615
32680,5821.245
32681,7009.682
32682,7161.2217
32683,4466.375
32684,5720.1445
32685,5339.541
32686,7145.999
32687,10046.425
32688,7820.0557
32689,2879.7432
32690,4152.7275
32691,7720.855
32692,7737.5747
32693,5129.465
32694,6141.565
32695,4189.216
32696,5718.028
32697,2942.231
32698,4076.5457
32699,5840.0093
32700,6299.718
32701,5948.253
32702,4031.5168
32703,6700.114
32704,7107.1387
32705,7621.24
32706,4516.635
32707,7585.6104
32708,7580.222
32709,5305.1914
32710,6770.5293
32711,4276.6714
32712,5694.6724
32713,3587.0007
32714,5459.081
32715,4592.1465
32716,8053.776
32717,6413.507
32718,6167.818
32719,7147.628
32720,5239.9277
32721,7163.1685
32722,18683.885
32723,9069.628
32724,5073.2295
32725,3453.0957
32726,5895.193
32727,7088.602
32728,6052.207
32729,12821.365
32730,17282.035
32731,3950.9873
32732,4073.949
32733,8230.003
32734,4294.278
32735,7580.425
32736,5814.3696
32737,6512.0107
32738,5173.211
32739,5898.793
32740,5654.5103
32741,4837.0234
32742,8195.177
32743,6293.1533
32744,5729.263
32745,3397.6807
32746,2178.0007
32747,4191.75
32748,5979.6826
32749,4831.4023
32750,5343.627
32751,6266.5166
32752,5451.6553
32753,5402.1636
32754,6289.8228
32755,6631.0186
32756,7598.029
32757,11155.861
32758,4832.504
32759,5036.484
32760,3524.5957
32761,6219.747
32762,6033.814
32763,5924.844
32764,4629.575
32765,10393.439
32766,5589.5386
32767,10380.65
32768,6133.562
32769,4954.6167
32770,4862.3784
32771,5645.785
32772,7911.478
32773,4728.8735
32774,6930.662
32775,14567.369
32776,6659.6875
32777,5809.663
32778,5123.519
32779,3253.6533
32780,5811.6196
32781,3518.71
32782,3855.1528
32783,5921.494
32784,4750.9507
32785,12562.511
32786,11796.06
32787,4724.2114
32788,5264.516
32789,5538.093
32790,5794.1562
32791,4908.6206
32792,5720.592
32793,5925.7656
32794,8108.3228
32795,4139.968
32796,7064.492
32797,5417.071
32798,10471.578
32799,5887.051
32800,5465.943
32801,5869.5234
32802,7363.0024
32803,7399.337
32804,7719.264
32805,5950.8184
32806,8708.472
32807,5664.3623
32808,8826.646
32809,5106.462
32810,3601.6897
32811,4442.432
32812,8221.765
32813,5933.0503
32814,6754.8613
32815,5512.963
32816,7856.7715
32817,3910.3242
32818,7973.7417
32819,6059.0054
32820,3292.0464
32821,12640.668
32822,17128.43
32823,5773.0938
32824,6723.506
32825,9384.741
32826,8339.729
32827,9353.519
32828,4627.8047
32829,6321.6216
32830,5310.528
32831,7454.057
32832,3649.2637
32833,5762.064
32834,5058.496
32835,5553.9785
32836,6675.447
32837,4975.265
32838,4463.739
32839,6411.4272
32840,4128.074
32841,4027.281
32842,4983.4727
32843,2584.1165
32844,7951.641
32845,8462.943
32846,7252.133
32847,5367.4937
32848,5986.9136
32849,9507.91
32850,5924.562
32851,4809.864
32852,4594.3066
32853,9235.537
32854,3840.687
32855,6224.388
32856,2889.569
32857,4495.4785
32858,6840.23
32859,4073.304
32860,5073.4907
32861,7826.2188
32862,8760.632
32863,10304.32
32864,6121.995
32865,9023.165
32866,2830.2954
32867,5714.3477
32868,4857.3765
32869,3597.624
32870,7689.4375
32871,4458.1006
32872,5429.7188
32873,7010.3843
32874,9382.227
32875,7522.2793
32876,5803.958
32877,4752.2017
32878,13241.746
32879,6755.4736
32880,5230.6343
32881,5340.85
32882,6008.1943
32883,8820.798
32884,4592.3174
32885,5309.5454
32886,6856.344
32887,6746.3623
32888,12142.04
32889,5615.4834
32890,11434.563
32891,5845.421
32892,4832.089
32893,2834.369
32894,5700.498
32895,5534.982
32896,4796.7007
32897,6590.8833
32898,4151.1826
32899,4206.531
32900,6352.333
32901,3579.3713
32902,6847.789
32903,5816.7437
32904,7559.6665
32905,7311.0
32906,4785.992
32907,7964.4077
32908,2973.5442
32909,5240.2827
32910,5680.8975
32911,4791.4053
32912,9468.464
32913,6084.83
32914,4852.1157
32915,6367.3286
32916,7926.3877
32917,6347.5967
32918,6268.5967
32919,7705.5234
32920,4298.085
32921,6717.064
32922,5295.7773
32923,7497.9316
32924,5021.0674
32925,6162.402
32926,5343.7954
32927,5387.22
32928,4296.757
32929,4973.021
32930,8299.007
32931,10152.333
32932,9834.947
32933,9019.275
32934,8299.711
32935,7250.1343
32936,4552.3013
32937,9683.443
32938,9976.234
32939,5281.2393
32940,6965.368
32941,7950.9507
32942,5473.4976
32943,2948.1228
32944,9493.5205
32945,5890.331
32946,6067.218
32947,6289.8706
32948,2706.837
32949,4312.8125
32950,6383.7964
32951,5061.4067
32952,3705.9585
32953,4749.392
32954,6352.6904
32955,7155.766
32956,5712.914
32957,5364.5605
32958,4368.0396
32959,3504.6067
32960,2942.6309
32961,6072.197
32962,14995.655
32963,3945.338
32964,5060.364
32965,5841.692
32966,5326.437
32967,4882.7866
32968,4425.003
32969,3623.58
32970,6370.3174
32971,6096.8853
32972,4090.4128
32973,7778.539
32974,4297.417
32975,4591.0254
32976,10008.323
32977,7188.3213
32978,8892.939
32979,4717.8755
32980,6883.807
32981,3785.2703
32982,4790.062
32983,12955.955
32984,10020.94
32985,5853.377
32986,5069.282
32987,4974.5537
32988,5478.721
32989,3710.1042
32990,9063.048
32991,4974.1694
32992,4502.7656
32993,6881.785
32994,4632.6675
32995,5780.7754
32996,6414.4795
32997,6788.694
32998,6202.868
32999,3606.9294
33000,5196.148
33001,6467.566
33002,7763.404
33003,7684.459
33004,6399.5073
33005,4014.991
33006,3613.8281
33007,5713.503
33008,4353.925
33009,6139.4565
33010,7100.072
33011,5233.3345
33012,5714.8164
33013,5464.473
33014,3330.743
33015,4815.5244
33016,3996.8323
33017,6991.94
33018,5110.487
33019,9484.823
33020,5284.298
33021,3408.9106
33022,10273.634
33023,5288.1704
33024,3070.6355
33025,7167.3716
33026,7549.2256
33027,10014.625
33028,5102.0605
33029,5036.33
33030,5323.8516
33031,6664.3896
33032,5602.0923
33033,7579.355
33034,1973.7917
33035,5098.222
33036,4863.835
33037,4892.041
33038,4061.6018
33039,6571.775
33040,6475.3003
33041,5635.159
33042,7522.8677
33043,6550.1284
33044,7490.555
33045,4944.018
33046,5931.183
33047,6466.0054
33048,7452.003
33049,7209.7446
33050,3582.1724
33051,8655.921
33052,5582.8623
33053,6271.617
33054,4822.861
33055,3817.3252
33056,6593.7
33057,5132.1616
33058,7544.281
33059,5792.471
33060,4909.9224
33061,6070.8296
33062,5670.5356
33063,4923.1753
33064,7143.5254
33065,5531.958
33066,8648.214
33067,8951.572
33068,7259.9604
33069,4847.499
33070,4447.923
33071,4231.1113
33072,2883.028
33073,9402.266
33074,5349.5684
33075,8103.243
33076,3719.903
33077,4574.9463
33078,6587.213
33079,7631.4966
33080,4785.294
33081,4494.458
33082,4337.5713
33083,6892.3677
33084,4684.36
33085,7269.7373
33086,7464.6724
33087,7574.5996
33088,6706.9683
33089,6542.1177
33090,5598.946
33091,4088.283
33092,4621.624
33093,8793.8
33094,7557.626
33095,11111.93
33096,14676.954
33097,4952.217
33098,691.93353
33099,6170.8013
33100,7524.0444
33101,10173.697
33102,5863.76
33103,7119.0454
33104,7148.221
33105,5584.348
33106,5968.133
33107,4974.6245
33108,3576.8218
33109,4583.6694
33110,3239.5828
33111,4917.229
33112,7511.1953
33113,16255.111
33114,5857.7837
33115,4401.2314
33116,7233.336
33117,3881.4258
33118,5877.4565
33119,4653.399
33120,9130.313
33121,5716.326
33122,5887.3594
33123,11786.039
33124,11799.244
33125,4701.55
33126,6028.6997
33127,3576.276
33128,4750.094
33129,6229.9297
33130,8522.1875
33131,2766.7034
33132,4459.185
33133,4588.788
33134,5717.259
33135,6527.377
33136,6301.334
33137,4040.8303
33138,6687.989
33139,7552.661
33140,5976.957
33141,3605.9353
33142,3386.4749
33143,7491.498
33144,4559.45
33145,8508.373
33146,4187.374
33147,5399.083
33148,5980.367
33149,4605.561
33150,4041.6707
33151,5403.663
33152,6143.651
33153,8392.561
33154,7867.195
33155,5623.6846
33156,4466.026
33157,5068.296
33158,6129.5444
33159,4264.776
33160,5272.944
33161,5589.6396
33162,796.0818
33163,7372.2856
33164,5097.663
33165,7523.4272
33166,4159.8877
33167,8276.928
33168,4785.8784
33169,10881.864
33170,5630.297
33171,6368.118
33172,4934.4307
33173,4138.5225
33174,5705.1816
33175,15473.825
33176,3327.8433
33177,4949.166
33178,8991.413
33179,6024.4346
33180,1203.3074
33181,7038.0137
33182,5922.8555
33183,4006.4556
33184,4366.931
33185,8465.026
33186,6020.253
33187,4467.1763
33188,6926.637
33189,4686.3267
33190,7531.2173
33191,2813.8818
33192,4088.5715
33193,8581.478
33194,8635.669
33195,4722.666
33196,6666.488
33197,5925.568
33198,5972.187
33199,8158.2573
33200,6137.1787
33201,7090.0625
33202,3580.29
33203,1714.0891
33204,7298.7793
33205,3808.2107
33206,7639.1143
33207,4940.7183
33208,6478.976
33209,4311.6772
33210,5483.416
33211,5583.8633
33212,6188.5254
33213,5914.32
33214,7480.531
33215,7054.076
33216,6588.256
33217,6015.035
33218,5502.0835
33219,8913.88
33220,6723.3394
33221,3062.8298
33222,5910.2876
33223,6687.2935
33224,4568.3706
33225,10831.934
33226,5699.4487
33227,5934.1313
33228,9282.678
33229,5789.3447
33230,4602.7373
33231,551.94183
33232,9416.022
33233,5132.803
33234,7497.803
33235,8504.867
33236,5762.7397
33237,5897.3076
33238,4345.5767
33239,5797.3794
33240,5359.528
33241,6076.698
33242,4532.3096
33243,6809.7705
33244,6183.7227
33245,5775.0986
33246,6859.864
33247,5993.7188
33248,6238.6294
33249,5336.8726
33250,7471.7603
33251,6495.683
33252,5710.533
33253,5752.47
33254,6487.4355
33255,7820.108
33256,4782.1226
33257,5040.531
33258,5143.3794
33259,6337.2217
33260,6611.1567
33261,4353.493
33262,3486.437
33263,5567.913
33264,9240.128
33265,5404.952
33266,6510.1226
33267,6250.733
33268,5529.6367
33269,4816.319
33270,3348.1401
33271,6058.393
33272,5368.625
33273,5831.604
33274,7636.63
33275,6983.562
33276,4447.626
33277,8106.0107
33278,4549.3105
33279,2811.876
33280,5726.182
33281,10169.254
33282,7225.916
33283,6352.345
33284,3588.8901
33285,6075.98
33286,7327.797
33287,4905.269
33288,7648.0303
33289,4476.1123
33290,5060.509
33291,4608.844
33292,4826.3813
33293,4737.1895
33294,4391.8794
33295,4939.6484
33296,3734.4163
33297,7023.5957
33298,6546.425
33299,4483.4834
33300,6073.0713
33301,5894.839
33302,4550.7515
33303,4503.7583
33304,8276.7705
33305,5876.6772
33306,5407.814
33307,3957.762
33308,9851.78
33309,6598.45
33310,5065.246
33311,7538.7705
33312,6722.2173
33313,6179.1353
33314,5427.2334
33315,6254.8896
33316,9440.482
33317,12202.315
33318,4215.1865
33319,4217.4106
33320,3826.2754
33321,5400.417
33322,5721.1865
33323,7217.4917
33324,7157.0835
33325,4681.711
33326,3802.1162
33327,5263.6274
33328,12950.717
33329,3790.5276
33330,6026.4517
33331,3680.034
33332,7124.167
33333,7288.1494
33334,6783.47
33335,7974.3047
33336,5921.336
33337,3415.2417
33338,5251.797
33339,6258.4165
33340,7516.8857
33341,6900.2607
33342,6655.991
33343,5411.1733
33344,3781.5818
33345,9175.841
33346,4172.812
33347,8131.0137
33348,5446.006
33349,3835.0967
33350,5773.92
33351,5662.617
33352,7096.016
33353,986.57477
33354,3976.5437
33355,3506.707
33356,5819.102
33357,7391.6196
33358,3885.9346
33359,5442.132
33360,5433.2524
33361,5137.2505
33362,5931.9355
33363,4976.737
33364,9171.938
33365,7906.0845
33366,9332.773
33367,4592.2036
33368,5246.6694
33369,10850.752
33370,11464.211
33371,4633.909
33372,8675.551
33373,6410.3325
33374,4749.9224
33375,4713.4673
33376,5160.038
33377,5355.486
33378,4019.72
33379,4532.6035
33380,4790.683
33381,6976.9775
33382,5549.4033
33383,19813.17
33384,5680.4746
33385,0.02528944
33386,0.025408989
33387,0.090665966
33388,0.18046162
33389,0.053165097
33390,0.04541966
33391,0.25969982
33392,0.17894447
33393,0.060884275
33394,0.0
33395,0.0451808
33396,0.10768951
33397,0.07494378
33398,0.0
33399,0.15790685
33400,0.057614394
33401,0.0
33402,0.08017023
33403,0.12921628
33404,0.039597675
33405,0.2278967
33406,0.14859904
33407,0.16819929
33408,0.08791376
33409,0.09225711
33410,0.100715175
33411,0.09899078
33412,0.114283
33413,0.05218684
33414,0.0
33415,0.09501232
33416,0.059671722
33417,0.16603749
33418,0.31532907
33419,0.031257533
33420,0.0
33421,0.06370432
33422,0.07427328
33423,0.08308199
33424,0.021318011
33425,0.4363641
33426,0.16562158
33427,0.207466
33428,0.05465873
33429,0.009440418
33430,0.09928245
33431,0.076446496
33432,0.11052579
33433,0.29467303
33434,0.043868132
33435,0.08906357
33436,0.31225008
33437,0.26311067
33438,0.0
33439,0.0
33440,0.0
33441,0.08886609
33442,0.1433805
33443,0.05298049
33444,0.14489558
33445,0.07087053
33446,0.1650405
33447,0.15037341
33448,0.025206108
33449,0.04763609
33450,0.12633425
33451,0.14107484
33452,0.04974878
33453,0.09677363
33454,0.07638476
33455,0.14899226
33456,0.14984624
33457,0.15978058
33458,0.09103673
33459,0.06590869
33460,0.13472301
33461,0.150129
33462,0.049912468
33463,0.07155029
33464,0.0
33465,0.103386745
33466,0.0
33467,0.21701859
33468,0.20079733
33469,0.0
33470,0.04983921
33471,0.15534325
33472,0.0
33473,0.26689604
33474,0.0
33475,0.073820524
33476,4641.0225
33477,0.016050154
33478,0.038924083
33479,0.0
33480,0.32460254
33481,0.62922454
33482,0.10625496
33483,0.0
33484,0.00042743806
33485,0.21127555
33486,0.029296832
33487,0.0
33488,0.0
33489,0.1620798
33490,0.124534965
33491,0.0
33492,0.06958028
33493,0.11963715
33494,0.11497262
33495,0.056150872
33496,0.09109872
33497,0.012363946
33498,0.0
33499,0.04667609
33500,0.0
33501,0.15111868
33502,0.12964697
33503,0.07986817
33504,0.10693728
33505,0.0077078147
33506,0.06994807
33507,0.052625533
33508,0.105527945
33509,0.019489685
33510,0.030509483
33511,0.10760172
33512,0.05400119
33513,0.07675869
33514,0.0
33515,0.076525085
33516,0.16078943
33517,0.03886874
33518,0.13174947
33519,0.053729683
33520,0.056233846
33521,0.124623105
33522,0.0
33523,0.17214131
33524,0.11056299
33525,0.19869374
33526,0.23903735
33527,0.06825171
33528,0.27462432
33529,0.091864415
33530,0.34546956
33531,0.10285663
33532,0.096839786
33533,0.0757593
33534,0.15816902
33535,0.019338919
33536,0.0715114
33537,0.13642912
33538,0.05511938
33539,0.13819033
33540,0.040977303
33541,0.122222885
33542,0.12916528
33543,0.1395921
33544,528.30707
33545,0.0724015
33546,0.028706526
33547,0.3900671
33548,0.16728142
33549,0.03218578
33550,0.0
33551,0.12563753
33552,0.092124425
33553,0.072225235
33554,0.0005415275
33555,0.12861632
33556,0.11668362
33557,0.29049313
33558,0.0
33559,0.18651196
33560,0.060921952
33561,0.07842835
33562,0.07007786
33563,0.27463096
33564,0.15940094
33565,0.12163297
33566,0.011842177
33567,0.14324081
33568,0.18594185
33569,0.020942258
33570,0.13254425
33571,0.14624576
33572,0.3726846
33573,0.07441416
33574,0.0
33575,0.23420107
33576,0.10302135
33577,0.26089835
33578,0.12531888
33579,0.1667911
33580,0.12034033
33581,0.10055323
33582,0.16681933
33583,0.0077358475
33584,0.042901434
33585,21039.383
33586,33438.523
33587,0.22732873
33588,0.29134825
33589,0.22016507
33590,0.010970944
33591,0.053300686
33592,0.0
33593,0.11940782
33594,9217.84
33595,0.18394949
33596,0.06944497
33597,0.064335756
33598,0.24951144
33599,0.052788164
33600,0.85019374
33601,0.19091351
33602,0.0
33603,0.27552992
33604,0.0
33605,0.15191309
33606,0.09929864
33607,0.06111608
33608,0.10265933
33609,0.0820613
33610,0.08136729
33611,0.046739835
33612,0.028432919
33613,3619.942
33614,0.0
33615,0.03739028
33616,0.2053102
33617,0.1434655
33618,0.03335442
33619,0.093750596
33620,0.17178878
33621,0.30047575
33622,0.29036218
33623,1658.1696
33624,0.12828545
33625,0.043035362
33626,0.042689223
33627,0.09951843
33628,0.07562936
33629,0.04447701
33630,0.12656772
33631,0.31667387
33632,0.17926688
33633,0.06581078
33634,0.1469386
33635,0.0
33636,0.0
33637,0.10133629
33638,0.24247772
33639,0.08635842
33640,0.0
33641,9152.992
33642,0.06481932
33643,0.17512903
33644,0.35060653
33645,0.31177342
33646,0.056751817
33647,0.0
33648,0.14977153
33649,0.14013675
33650,0.057244185
33651,0.043639693
33652,0.09291728
33653,0.07890851
33654,0.033784807
33655,0.14803846
33656,0.07647817
33657,0.14286979
33658,10140.382
33659,0.08930647
33660,0.13705626
33661,0.09247888
33662,0.126522
33663,0.102252185
33664,0.09651167
33665,0.09085109
33666,0.19178878
33667,0.1658829
33668,0.08498323
33669,0.06352644
33670,0.03507053
33671,0.121476926
33672,0.056024253
33673,0.079414316
33674,0.015784116
33675,0.20041628
33676,0.22463234
33677,0.3185667
33678,0.43466458
33679,0.07362162
33680,0.36045685
33681,0.2076293
33682,0.113916256
33683,0.5478456
33684,0.0
33685,0.04808631
33686,0.027148338
33687,0.16978285
33688,0.009942945
33689,0.0
33690,0.0
33691,0.07472834
33692,0.10918626
33693,0.08444261
33694,0.0
33695,0.10644694
33696,0.012358042
33697,0.2294647
33698,0.10851963
33699,0.18855993
33700,0.21884714
33701,0.1721758
33702,0.08480684
33703,0.12434
33704,0.086331755
33705,0.20434365
33706,0.038384557
33707,0.0
33708,0.10974891
33709,0.23597133
33710,0.022963721
33711,0.23209982
33712,0.15276523
33713,0.0
33714,0.10542472
33715,7.934613e-05
33716,0.0
33717,0.12711397
33718,0.114576556
33719,0.35781747
33720,740.25385
33721,0.1316657
33722,0.0
33723,0.17820033
33724,0.18505223
33725,0.2936594
33726,0.12688231
33727,0.06605737
33728,0.061549265
33729,0.013780104
33730,0.19552156
33731,0.14693731
33732,0.1581535
33733,0.05251664
33734,7137.0415
33735,0.050964817
33736,0.022925088
33737,0.13411616
33738,0.23884816
33739,0.05676476
33740,0.08156498
33741,0.04754985
33742,0.14898749
33743,0.048420627
33744,0.14375307
33745,0.13974747
33746,0.069629595
33747,0.13972235
33748,0.10370033
33749,0.0
33750,0.0
33751,0.076003365
33752,0.13031578
33753,0.45220372
33754,0.075911984
33755,0.31548426
33756,0.24335442
33757,0.0
33758,0.20383735
33759,0.080630176
33760,0.10613117
33761,0.11469993
33762,0.20239122
33763,0.43179816
33764,0.15694305
33765,0.13275997
33766,0.10079934
33767,0.040343992
33768,0.0974767
33769,0.14033988
33770,0.11373635
33771,0.05861176
33772,0.17484176
33773,0.1278222
33774,0.05094333
33775,0.16580407
33776,0.0
33777,9665.247
33778,0.18439789
33779,0.08539761
33780,0.026159735
33781,0.35623553
33782,0.0
33783,0.0
33784,0.0760274
33785,0.11828415
33786,0.06792356
33787,1335.4199
33788,0.06904196
33789,0.13855867
33790,0.39971998
33791,5971.35
33792,0.09513281
33793,0.0
33794,0.13181505
33795,0.021974994
33796,0.037196957
33797,0.018625468
33798,0.0
33799,0.0
33800,0.2786007
33801,0.14418407
33802,0.058089253
33803,0.21182652
33804,0.0
33805,0.09786019
33806,0.0559932
33807,0.33090812
33808,0.14742388
33809,0.0
33810,0.17464681
33811,0.09355352
33812,0.047030855
33813,0.23602128
33814,0.08632676
33815,0.03766793
33816,0.16027944
33817,0.23652469
33818,29267.396
33819,0.08175056
33820,0.066216916
33821,0.05771391
33822,0.07960361
33823,0.12660465
33824,0.15008107
33825,0.06484986
33826,0.0
33827,0.0
33828,0.0
33829,0.19465616
33830,0.0
33831,0.1475528
33832,2409.476
33833,0.0934516
33834,0.051651638
33835,0.0
33836,0.1496273
33837,0.07164821
33838,0.26803467
33839,0.10360256
33840,0.102911904
33841,0.049849767
33842,0.4653653
33843,0.0
33844,0.0060191895
33845,0.00016372708
33846,0.008644249
33847,0.049582604
33848,0.0
33849,0.021903943
33850,0.060551558
33851,0.16492204
33852,0.04078249
33853,0.37897158
33854,0.122159824
33855,0.0
33856,0.08981973
33857,0.080436975
33858,0.10059011
33859,0.068933256
33860,0.16156207
33861,0.00038579846
33862,0.28687176
33863,0.033410672
33864,0.09442074
33865,0.0077813393
33866,0.10567031
33867,0.0
33868,0.07543069
33869,0.41225076
33870,0.0
33871,0.07536043
33872,0.03768853
33873,0.1937
33874,0.15893407
33875,0.2762202
33876,0.07666045
33877,0.0
33878,0.15751737
33879,0.0
33880,0.10260207
33881,0.0
33882,0.10912924
33883,0.13116361
33884,0.03144878
33885,0.08398522
33886,0.24323064
33887,0.08150448
33888,0.05702936
33889,0.077107795
33890,0.0
33891,0.06867335
33892,0.1490383
33893,0.024637973
33894,0.08101757
33895,0.13249142
33896,0.1925139
33897,0.04424832
33898,0.0
33899,0.22540255
33900,0.14900848
33901,0.096261606
33902,0.0
33903,0.07394498
33904,0.081807114
33905,0.04147712
33906,0.0
33907,13710.504
33908,0.0044282996
33909,0.16373968
33910,0.09836762
33911,0.25644812
33912,0.12991202
33913,0.01484937
33914,0.2011963
33915,0.07861089
33916,0.049029373
33917,0.14834666
33918,0.0046238527
33919,0.093981184
33920,0.30679888
33921,0.0
33922,0.08800029
33923,0.15737854
33924,0.3925426
33925,0.4598971
33926,0.16580956
33927,0.0
33928,0.0031639065
33929,0.33410296
33930,0.15416893
33931,0.05412066
33932,0.09162301
33933,0.0875719
33934,0.0
33935,0.08324058
33936,0.0050733504
33937,0.09228807
33938,0.07011241
33939,0.0
33940,0.18063958
33941,0.06704136
33942,0.142405
33943,0.14833489
33944,0.20137934
33945,0.15298255
33946,0.18879592
33947,0.0047263475
33948,0.09570802
33949,0.15075253
33950,0.0
33951,4790.496
33952,15725.015
33953,0.015061355
33954,0.1771967
33955,0.0689897
33956,0.06607334
33957,0.17258005
33958,0.1350245
33959,0.19640969
33960,0.11339251
33961,0.43656853
33962,0.17331538
33963,0.073750176
33964,0.0
33965,0.04397712
33966,0.03564698
33967,0.1056754
33968,0.0031338702
33969,0.06758377
33970,0.118672416
33971,0.030085277
33972,0.117555656
33973,0.115403384
33974,0.0071545145
33975,0.0069460114
33976,0.1585005
33977,0.11249676
33978,0.083497606
33979,0.19363922
33980,3203.1365
33981,0.11578177
33982,0.093807906
33983,0.12626567
33984,0.22826757
33985,0.1628822
33986,0.12560788
33987,0.03712813
33988,0.027654886
33989,0.052708175
33990,0.063108765
33991,0.120331645
33992,0.13227904
33993,0.062059678
33994,0.1237981
33995,0.14836615
33996,0.025482737
33997,0.061350804
33998,0.15625787
33999,0.14796868
34000,0.23069912
34001,0.15565917
34002,0.04116345
34003,0.14152047
34004,0.113536686
34005,0.29694048
34006,0.19749174
34007,0.042741664
34008,0.14300838
34009,0.04981565
34010,0.10782385
34011,0.11567503
34012,0.20729855
34013,0.050134983
34014,0.095004104
34015,0.12174817
34016,0.06704563
34017,0.053101033
34018,0.3046765
34019,0.09670408
34020,0.0
34021,0.09285519
34022,0.18468724
34023,0.103180185
34024,0.091465764
34025,0.042456135
34026,0.21265231
34027,0.083032355
34028,0.040093735
34029,0.07820413
34030,0.0
34031,0.0
34032,0.0
34033,0.07790549
34034,0.11900628
34035,0.1518259
34036,0.077031106
34037,0.20322275
34038,0.10155496
34039,0.10271207
34040,0.059672475
34041,0.09006107
34042,0.022702394
34043,0.07905152
34044,0.091717474
34045,0.10528893
34046,0.122196786
34047,0.0054328064
34048,0.19397075
34049,0.19730256
34050,263.80188
34051,0.12190394
34052,0.17925602
34053,0.22867726
34054,1777.0916
34055,0.22333653
34056,0.1761381
34057,0.18593137
34058,0.11173884
34059,0.0
34060,0.21254118
34061,0.1372365
34062,0.097005226
34063,0.08781124
34064,0.14469366
34065,0.04686261
34066,0.112185575
34067,0.1009077
34068,0.036570717
34069,0.0
34070,0.06400514
34071,0.13166468
34072,0.027056597
34073,0.07607267
34074,0.11236695
34075,0.1001774
34076,0.26033473
34077,0.061544448
34078,0.13225317
34079,0.096033834
34080,0.18430161
34081,0.25160986
34082,0.06386696
34083,0.06542375
34084,0.08449287
34085,0.05226561
34086,0.23305467
34087,0.0
34088,0.18719612
34089,0.036262408
34090,0.078633256
34091,0.09201818
34092,0.25041053
34093,0.009536995
34094,0.06277356
34095,0.16958407
34096,0.35017762
34097,0.14936602
34098,0.0
34099,0.1388293
34100,0.09777156
34101,0.42581424
34102,0.16910042
34103,0.24159724
34104,0.04782734
34105,1137.3818
34106,0.093324006
34107,0.10048706
34108,0.17550251
34109,0.08428058
34110,0.17050003
34111,0.034347754
34112,0.12587675
34113,0.41825986
34114,0.22322595
34115,0.23653719
34116,0.016355535
34117,0.22830074
34118,0.4683357
34119,0.0
34120,11149.139
34121,0.041667476
34122,0.09091645
34123,0.26311445
34124,0.074772835
34125,0.0
34126,0.044537153
34127,0.14327812
34128,0.118251026
34129,0.11833417
34130,0.12005771
34131,0.29090038
34132,0.039430473
34133,0.30999482
34134,0.063030496
34135,0.0
34136,0.10543556
34137,0.36789164
34138,0.11850487
34139,0.055582244
34140,0.05663633
34141,0.0047747726
34142,0.16510838
34143,0.23867187
34144,0.040640425
34145,0.15057488
34146,0.13543189
34147,0.056715723
34148,0.108730994
34149,0.01447315
34150,0.0
34151,0.06087705
34152,0.05891197
34153,0.027561016
34154,0.044977307
34155,0.08820997
34156,0.07231443
34157,0.26508418
34158,0.0
34159,0.14675574
34160,0.10025286
34161,0.0649357
34162,0.053304028
34163,0.05495819
34164,0.0
34165,0.122862116
34166,0.137198
34167,0.099757664
34168,0.0
34169,0.09997415
34170,0.20560816
34171,0.0
34172,0.13133173
34173,0.07713148
34174,0.0
34175,0.056498017
34176,0.118896425
34177,0.023029357
34178,0.04144504
34179,0.0
34180,0.11663394
34181,0.0
34182,0.055494893
34183,0.056055054
34184,4203.0933
34185,0.18647376
34186,0.0
34187,0.107164204
34188,0.13988164
34189,0.078317806
34190,0.10154294
34191,0.043520533
34192,0.06912144
34193,0.10665731
34194,0.1407679
34195,0.008629414
34196,0.06811341
34197,0.09716833
34198,0.12581304
34199,0.15435289
34200,0.037034087
34201,0.096079566
34202,0.10006278
34203,0.07628483
34204,0.0
34205,0.08931915
34206,0.067635044
34207,0.054957654
34208,0.0
34209,0.27424127
34210,0.07253373
34211,0.0028321696
34212,0.12268819
34213,0.14453277
34214,0.50677454
34215,0.16873609
34216,0.034385424
34217,0.0
34218,0.024951745
34219,0.02031294
34220,0.12743913
34221,0.075553946
34222,0.12994285
34223,0.0
34224,0.026171176
34225,13663.458
34226,1158.8075
34227,0.13291435
34228,0.06369973
34229,0.24881987
34230,0.31889662
34231,0.25095737
34232,0.14365324
34233,0.0
34234,0.1645039
34235,0.16780108
34236,0.0
34237,0.08292322
34238,0.05317242
34239,0.20989631
34240,0.32693976
34241,3965.4258
34242,4202.48
34243,7183.051
34244,3322.7869
34245,5642.969
34246,4526.8784
34247,4783.6694
34248,3870.4153
34249,2465.1685
34250,3223.294
34251,5345.8296
34252,4704.8877
34253,3617.705
34254,3845.0273
34255,5569.198
34256,3035.591
34257,4172.7007
34258,6496.4263
34259,7451.825
34260,6347.155
34261,6348.82
34262,3681.723
34263,5787.6
34264,2045.3855
34265,7689.8335
34266,7260.999
34267,8023.131
34268,5389.7134
34269,2668.6135
34270,3868.186
34271,5258.82
34272,6027.7397
34273,4388.215
34274,4824.5405
34275,4020.7861
34276,5158.542
34277,2474.9353
34278,6846.8555
34279,3947.3257
34280,5834.7866
34281,5829.535
34282,3951.4434
34283,8066.984
34284,5840.9844
34285,4207.9834
34286,3533.1025
34287,6853.219
34288,10569.914
34289,6562.285
34290,5622.7725
34291,7823.316
34292,6476.8384
34293,5674.5503
34294,5650.483
34295,2160.4858
34296,2855.9707
34297,4200.724
34298,5872.525
34299,8611.791
34300,7697.333
34301,3703.4036
34302,7662.356
34303,7284.5566
34304,5145.3027
34305,2838.2017
34306,10997.2295
34307,2996.421
34308,4066.6028
34309,6679.2295
34310,3659.6628
34311,5359.3896
34312,3331.8936
34313,5477.7754
34314,4791.8896
34315,4698.7295
34316,8973.225
34317,6315.3237
34318,4032.286
34319,3135.5374
34320,5738.884
34321,11056.851
34322,4856.019
34323,3565.3823
34324,6317.6675
34325,4248.06
34326,6144.4595
34327,7292.781
34328,2265.5715
34329,7311.5093
34330,4461.542
34331,4974.084
34332,8786.02
34333,2507.7512
34334,4355.0215
34335,4204.922
34336,6641.843
34337,7459.747
34338,3710.4404
34339,3619.0789
34340,5498.4316
34341,5947.5044
34342,4651.14
34343,3747.1128
34344,4178.205
34345,6119.771
34346,4108.883
34347,3077.395
34348,4597.2173
34349,5492.8804
34350,5930.5776
34351,6585.1963
34352,6922.595
34353,3828.1228
34354,7139.1455
34355,2823.2502
34356,3756.2673
34357,8398.183
34358,5931.0303
34359,6559.482
34360,9065.762
34361,6208.8706
34362,5409.119
34363,6048.9233
34364,6425.3853
34365,3580.5667
34366,2625.943
34367,4744.905
34368,4924.2275
34369,4288.4243
34370,2791.0203
34371,5145.0967
34372,5091.0396
34373,5248.2163
34374,5381.9507
34375,2837.487
34376,5444.1255
34377,5980.0933
34378,3368.387
34379,5040.5693
34380,2721.7705
34381,4819.035
34382,2471.6106
34383,4109.0356
34384,4804.916
34385,6821.316
34386,5085.7734
34387,5352.876
34388,10951.75
34389,3439.6064
34390,4694.469
34391,8632.935
34392,5475.973
34393,7749.266
34394,5892.6685
34395,5128.6577
34396,6099.7354
34397,3789.714
34398,4246.5527
34399,6841.1562
34400,4073.1562
34401,2540.3706
34402,3182.3398
34403,6363.625
34404,7916.8677
34405,5346.125
34406,4816.576
34407,4029.0254
34408,1647.7238
34409,1910.5347
34410,2975.3022
34411,5567.0845
34412,6295.4766
34413,5043.623
34414,3382.7554
34415,6984.062
34416,7472.815
34417,6754.8486
34418,4201.658
34419,6939.003
34420,8717.289
34421,3905.3215
34422,4472.557
34423,4279.0137
34424,6048.4673
34425,3319.3303
34426,4597.6255
34427,4024.6235
34428,7955.9194
34429,5709.0845
34430,6710.641
34431,5907.9766
34432,5021.249
34433,7295.3477
34434,15889.644
34435,8443.577
34436,4294.577
34437,3316.1685
34438,6527.9497
34439,5905.7285
34440,3786.5884
34441,8137.0264
34442,13654.873
34443,4500.0435
34444,3140.8154
34445,9628.343
34446,3376.9194
34447,5677.7607
34448,2832.324
34449,5276.929
34450,4696.328
34451,4204.998
34452,4961.238
34453,4715.1987
34454,8332.557
34455,5790.676
34456,5727.1924
34457,5574.609
34458,3603.8066
34459,5534.861
34460,6232.515
34461,4812.3833
34462,5741.408
34463,3862.1687
34464,3601.0713
34465,4340.5103
34466,5978.816
34467,4833.057
34468,6586.855
34469,9939.252
34470,3947.111
34471,4685.1646
34472,3995.4905
34473,5364.356
34474,4518.9185
34475,6695.629
34476,2797.4446
34477,7825.6216
34478,5721.476
34479,7148.228
34480,5225.274
34481,4196.423
34482,3077.8267
34483,3065.9607
34484,8021.654
34485,5450.9536
34486,4680.3535
34487,11256.584
34488,6849.6704
34489,4221.895
34490,5372.652
34491,2491.359
34492,3857.485
34493,3753.5273
34494,3983.381
34495,7181.9546
34496,4031.1628
34497,7208.94
34498,9851.461
34499,5934.4424
34500,3817.3142
34501,4136.4307
34502,4780.581
34503,4311.1265
34504,10917.282
34505,5942.214
34506,6663.8237
34507,3087.9143
34508,5221.1685
34509,5585.5146
34510,6546.8555
34511,6432.2715
34512,5171.238
34513,6205.863
34514,4647.415
34515,7280.7085
34516,6079.806
34517,6507.7446
34518,7544.1655
34519,6212.419
34520,7459.477
34521,3603.628
34522,4783.7607
34523,4718.429
34524,7659.331
34525,6954.8857
34526,6439.0176
34527,6295.981
34528,7047.1494
34529,4838.791
34530,5023.146
34531,5514.9404
34532,3383.4363
34533,10403.963
34534,16697.623
34535,6072.689
34536,5673.771
34537,6550.9785
34538,7670.8896
34539,7740.8374
34540,2685.7104
34541,4030.4478
34542,5173.581
34543,8536.636
34544,2818.187
34545,3933.3882
34546,4544.6133
34547,4286.5674
34548,4330.878
34549,2974.2139
34550,2806.334
34551,6577.1113
34552,3588.6265
34553,3922.5967
34554,4935.2026
34555,4695.1587
34556,8984.349
34557,10086.837
34558,5338.0894
34559,5871.7188
34560,5521.046
34561,9002.912
34562,4079.5684
34563,2895.6194
34564,4589.4707
34565,11174.55
34566,3645.4365
34567,5899.22
34568,1739.9419
34569,2915.0269
34570,3978.0688
34571,4895.4253
34572,4856.2505
34573,7842.2993
34574,7706.898
34575,6695.9165
34576,4505.2534
34577,9139.523
34578,1762.8556
34579,4008.168
34580,5498.5312
34581,4303.3774
34582,8901.238
34583,2461.1064
34584,4982.9023
34585,5639.106
34586,8005.2593
34587,9108.899
34588,5156.2886
34589,3091.9438
34590,8872.276
34591,8655.913
34592,4093.4263
34593,4930.511
34594,7500.979
34595,5820.7563
34596,4502.7188
34597,3705.1208
34598,7446.7236
34599,4109.9883
34600,11181.256
34601,7028.394
34602,10618.536
34603,6074.073
34604,4641.461
34605,1849.6198
34606,4842.36
34607,5174.4546
34608,4949.3594
34609,7834.3
34610,4624.001
34611,2378.2292
34612,6293.5376
34613,3511.5273
34614,6846.7637
34615,5978.576
34616,5680.1875
34617,6784.4023
34618,5001.1304
34619,7103.431
34620,5872.144
34621,5011.349
34622,5902.9297
34623,3318.197
34624,9329.178
34625,5180.2227
34626,3296.9995
34627,3925.2395
34628,4587.0376
34629,4735.554
34630,4140.418
34631,5109.9165
34632,3903.9768
34633,4748.436
34634,4914.552
34635,7523.0615
34636,3131.1165
34637,4334.9033
34638,5394.8
34639,4971.3374
34640,3096.6226
34641,4593.014
34642,8155.744
34643,8217.319
34644,9650.886
34645,4385.386
34646,7453.9575
34647,8236.1045
34648,3826.5637
34649,8753.474
34650,7519.209
34651,5569.602
34652,4519.0264
34653,5319.6636
34654,3797.7336
34655,2246.938
34656,9881.197
34657,5779.6724
34658,5465.5884
34659,4983.4727
34660,1451.4801
34661,6674.256
34662,5419.2515
34663,4639.1636
34664,3247.9998
34665,5124.091
34666,5302.197
34667,4166.484
34668,7243.685
34669,3993.2957
34670,3608.4197
34671,2991.5652
34672,2876.281
34673,4971.47
34674,11990.192
34675,3099.5574
34676,5126.5156
34677,4666.5786
34678,3743.6292
34679,3141.5105
34680,5035.893
34681,2602.5935
34682,4841.1914
34683,4394.3267
34684,2594.368
34685,7703.98
34686,2114.5027
34687,3607.6865
34688,9298.424
34689,6851.6245
34690,7974.335
34691,2634.6897
34692,4588.639
34693,3897.8853
34694,3844.081
34695,14731.9
34696,10309.885
34697,4974.24
34698,3322.8564
34699,5309.444
34700,3811.6887
34701,2463.954
34702,5615.826
34703,3861.3435
34704,3602.834
34705,6688.0273
34706,4578.6226
34707,4345.73
34708,4254.094
34709,5779.601
34710,6503.271
34711,2977.926
34712,4919.997
34713,5696.6714
34714,7479.5464
34715,5012.0806
34716,6984.408
34717,2397.0852
34718,8092.816
34719,4346.787
34720,2649.3835
34721,3989.5645
34722,4666.5786
34723,3888.5674
34724,6497.3745
34725,3791.5547
34726,3398.731
34727,4129.4526
34728,5916.927
34729,7464.58
34730,4817.275
34731,7620.615
34732,4142.7886
34733,2370.7522
34734,8860.395
34735,2903.2275
34736,3036.1152
34737,5243.1875
34738,8957.474
34739,9232.349
34740,3581.8887
34741,4464.5776
34742,5064.449
34743,5740.7017
34744,4589.392
34745,7192.8203
34746,1783.5853
34747,3651.5725
34748,3383.5332
34749,3017.9456
34750,2422.4126
34751,6796.371
34752,5919.7153
34753,5579.8276
34754,4936.907
34755,6542.5234
34756,7364.1543
34757,4583.639
34758,3498.838
34759,4921.0015
34760,6978.5747
34761,4352.8037
34762,1893.2151
34763,6344.1226
34764,5366.091
34765,5289.5527
34766,5383.753
34767,2491.266
34768,8532.818
34769,2379.4514
34770,7812.839
34771,5851.4736
34772,3830.3035
34773,6355.266
34774,3482.767
34775,3697.6953
34776,7021.4326
34777,2486.3425
34778,5654.8984
34779,8302.974
34780,6978.0957
34781,2650.8462
34782,4345.921
34783,3191.0588
34784,2060.3765
34785,5516.7397
34786,5657.9414
34787,4811.218
34788,3963.9094
34789,4994.0747
34790,4070.9692
34791,6898.892
34792,4396.498
34793,4973.6094
34794,3140.5068
34795,4310.23
34796,5738.7856
34797,5878.684
34798,6140.5923
34799,6369.1143
34800,7113.3574
34801,5505.2856
34802,5314.131
34803,2915.9016
34804,5695.7314
34805,8292.661
34806,6408.0034
34807,7814.3296
34808,12478.407
34809,3096.1765
34810,608.0042
34811,3490.5068
34812,6989.2466
34813,9276.163
34814,6820.646
34815,6971.8687
34816,6813.9614
34817,4927.042
34818,5031.2935
34819,4655.566
34820,2928.7761
34821,4557.502
34822,3042.2966
34823,2834.0417
34824,6197.126
34825,14713.464
34826,4650.4883
34827,3087.3752
34828,4279.1934
34829,3924.865
34830,5284.53
34831,2859.7263
34832,4604.103
34833,6209.3145
34834,3612.8318
34835,8995.547
34836,9585.223
34837,3445.8464
34838,4397.9033
34839,3243.6865
34840,3672.3435
34841,4004.7935
34842,7273.816
34843,3251.748
34844,3937.3486
34845,2771.8777
34846,4723.4365
34847,4110.4277
34848,5863.7207
34849,2982.6343
34850,8120.28
34851,5402.1123
34852,4491.6724
34853,3517.9246
34854,3329.196
34855,4868.323
34856,3980.183
34857,8123.425
34858,3839.881
34859,3726.1714
34860,5546.382
34861,6081.4766
34862,5143.4087
34863,4139.127
34864,5343.25
34865,9450.059
34866,6547.83
34867,5579.897
34868,3529.7776
34869,4158.602
34870,4986.4067
34871,3200.1404
34872,4587.497
34873,4998.1113
34874,1244.3911
34875,6562.7485
34876,4013.0613
34877,5303.6836
34878,4465.851
34879,6072.9204
34880,5275.837
34881,7649.132
34882,6864.609
34883,4228.5127
34884,3488.8857
34885,2971.7861
34886,3183.0322
34887,16053.79
34888,1920.6616
34889,4520.1387
34890,3592.0342
34891,5450.4077
34892,4678.5234
34893,7764.1367
34894,4521.0356
34895,4639.177
34896,3184.4565
34897,7276.1543
34898,3725.9333
34899,5402.416
34900,9276.827
34901,3454.0215
34902,6696.0186
34903,5718.3115
34904,3325.038
34905,5696.878
34906,6707.192
34907,2373.2585
34908,7698.346
34909,6694.339
34910,5651.7817
34911,8133.682
34912,7807.453
34913,6019.34
34914,3765.6672
34915,2717.54
34916,6170.0713
34917,3355.504
34918,5941.715
34919,2368.9194
34920,5321.4297
34921,2931.226
34922,5443.752
34923,4879.5415
34924,4556.5806
34925,5391.9653
34926,6871.2188
34927,5167.1206
34928,5730.6025
34929,5181.5425
34930,4395.3745
34931,8143.9443
34932,6563.2744
34933,3955.6409
34934,4785.6274
34935,5334.725
34936,3241.982
34937,12025.501
34938,5037.978
34939,4889.4424
34940,7891.1377
34941,5199.415
34942,2268.0273
34943,519.2099
34944,7157.3633
34945,5784.8184
34946,6352.727
34947,7095.4814
34948,7015.1865
34949,5044.5566
34950,3990.3105
34951,3031.5916
34952,4464.85
34953,5654.974
34954,2694.6753
34955,7071.5034
34956,6080.798
34957,1733.8907
34958,5684.4263
34959,4564.546
34960,5448.1826
34961,3290.0464
34962,4556.9023
34963,4247.6104
34964,3440.9653
34965,5518.8135
34966,7288.886
34967,6833.194
34968,5119.2446
34969,3301.6326
34970,5457.0713
34971,6981.085
34972,6246.257
34973,2839.3108
34974,2933.0051
34975,7141.3726
34976,5184.9736
34977,3793.2585
34978,6568.992
34979,6017.032
34980,4776.4653
34981,4015.9832
34982,1642.6138
34983,6446.146
34984,5626.512
34985,4443.7417
34986,8358.817
34987,6173.4565
34988,3250.796
34989,5012.291
34990,2581.8333
34991,1094.627
34992,4872.1094
34993,7807.49
34994,4886.985
34995,4207.5337
34996,2466.2705
34997,4177.5874
34998,6351.885
34999,4668.2173
35000,8536.18
35001,3233.88
35002,4428.88
35003,3251.1711
35004,5700.6665
35005,3284.6838
35006,2208.0059
35007,3877.2922
35008,3597.2842
35009,5646.566
35010,3927.6104
35011,4530.9653
35012,4862.861
35013,6944.187
35014,3929.8513
35015,3564.073
35016,8035.4375
35017,5993.77
35018,5448.505
35019,1817.5115
35020,3996.779
35021,5414.364
35022,3734.1953
35023,7224.262
35024,7074.209
35025,5652.6123
35026,5933.656
35027,5219.341
35028,6897.109
35029,8913.37
35030,2760.5642
35031,3446.9807
35032,4637.739
35033,4876.7173
35034,4909.2524
35035,7450.07
35036,5791.941
35037,3839.8774
35038,2329.5222
35039,5059.997
35040,8490.295
35041,3147.4412
35042,5237.849
35043,2695.0469
35044,5712.7397
35045,4404.877
35046,4351.1514
35047,6074.4966
35048,3999.0977
35049,4101.2783
35050,6298.9785
35051,4158.4873
35052,6919.0044
35053,4475.634
35054,7711.045
35055,5049.125
35056,3345.2603
35057,7013.3936
35058,2617.7039
35059,8327.464
35060,4957.6235
35061,4286.2773
35062,6377.656
35063,4126.299
35064,3966.3716
35065,831.4065
35066,2890.6846
35067,2632.6873
35068,5255.1543
35069,5820.5786
35070,8955.167
35071,5598.556
35072,4901.803
35073,3225.4255
35074,5443.5493
35075,2881.0361
35076,11093.801
35077,6840.6997
35078,10703.734
35079,4152.933
35080,4440.106
35081,7755.455
35082,8019.4736
35083,2597.8962
35084,7087.6626
35085,5037.666
35086,6421.752
35087,5378.851
35088,4685.714
35089,3147.2969
35090,4598.7744
35091,3651.0327
35092,2512.6836
35093,6446.742
35094,5153.3877
35095,21901.334
35096,6935.0796
35097,5113.447
35098,9147.86
35099,13783.375
35100,7553.201
35101,8832.045
35102,6980.865
35103,9469.475
35104,8681.734
35105,8134.947
35106,7128.578
35107,9841.646
35108,9160.311
35109,8075.09
35110,8277.473
35111,8649.212
35112,5293.2373
35113,6698.376
35114,13622.562
35115,12989.782
35116,11563.438
35117,8168.8857
35118,4509.252
35119,7064.715
35120,5064.285
35121,10325.787
35122,14971.162
35123,11816.902
35124,6902.4463
35125,6086.856
35126,5132.9746
35127,7422.5146
35128,10829.567
35129,8180.706
35130,6762.3975
35131,6707.7935
35132,8758.066
35133,4113.6045
35134,9758.878
35135,5595.225
35136,9717.139
35137,9393.571
35138,7485.791
35139,10900.718
35140,9658.161
35141,7182.2285
35142,7986.3916
35143,9700.711
35144,14333.795
35145,8582.067
35146,11272.355
35147,9067.518
35148,11964.547
35149,7769.2407
35150,11772.367
35151,6430.9834
35152,6819.748
35153,7143.014
35154,7998.375
35155,13583.199
35156,10915.98
35157,6588.212
35158,8796.022
35159,8171.769
35160,11425.231
35161,4597.836
35162,14975.389
35163,5810.295
35164,7437.2974
35165,9885.533
35166,5815.2236
35167,8094.576
35168,9151.412
35169,9088.012
35170,7058.0605
35171,6424.1353
35172,12709.757
35173,9947.626
35174,7443.7837
35175,6952.2593
35176,7969.6436
35177,14488.35
35178,9215.326
35179,6959.3647
35180,10383.521
35181,6472.515
35182,7183.0576
35183,10346.568
35184,5043.0986
35185,10542.367
35186,5415.5054
35187,9311.274
35188,11867.242
35189,6098.973
35190,7694.727
35191,6742.856
35192,10443.66
35193,10970.525
35194,5503.217
35195,4859.133
35196,7844.7905
35197,7673.282
35198,7559.854
35199,7016.9937
35200,9785.45
35201,9307.616
35202,7160.641
35203,5307.1855
35204,7879.5405
35205,10261.99
35206,8802.678
35207,10922.0625
35208,9485.764
35209,7515.5884
35210,11475.676
35211,6529.544
35212,9036.187
35213,11015.054
35214,8301.532
35215,11308.096
35216,12917.583
35217,10307.072
35218,7361.022
35219,8912.461
35220,10736.873
35221,8451.771
35222,5642.5815
35223,6614.689
35224,11626.406
35225,7180.208
35226,5936.9336
35227,9772.1875
35228,7313.734
35229,8021.455
35230,7159.569
35231,6004.035
35232,7974.32
35233,8769.719
35234,8662.347
35235,7141.652
35236,4607.5386
35237,7423.258
35238,4762.4165
35239,7967.2417
35240,7704.818
35241,10132.812
35242,8896.638
35243,6782.267
35244,15581.3545
35245,5865.9473
35246,6927.708
35247,12400.117
35248,8797.985
35249,11323.777
35250,9657.682
35251,6591.1724
35252,7593.3633
35253,7442.0728
35254,8937.188
35255,12363.604
35256,9481.839
35257,4033.2246
35258,5902.434
35259,11464.823
35260,12002.778
35261,8600.66
35262,8063.507
35263,5759.19
35264,6181.0454
35265,3726.5518
35266,5589.3096
35267,7973.316
35268,9873.406
35269,8244.703
35270,8074.4507
35271,10659.998
35272,12224.343
35273,9187.103
35274,7258.001
35275,11604.0625
35276,13523.699
35277,7429.1367
35278,9130.593
35279,6084.714
35280,7342.097
35281,5822.9443
35282,8274.899
35283,6743.107
35284,10107.976
35285,9339.425
35286,9931.983
35287,9073.842
35288,6779.085
35289,11805.998
35290,21581.666
35291,14508.095
35292,6632.6694
35293,4279.1523
35294,7995.6064
35295,9986.011
35296,7899.4287
35297,12902.044
35298,23749.354
35299,5080.6484
35300,5691.707
35301,11324.025
35302,6091.8975
35303,8188.8247
35304,9826.958
35305,8775.776
35306,5986.5254
35307,6598.6455
35308,9171.598
35309,6656.309
35310,13110.426
35311,8660.72
35312,7725.5103
35313,7355.941
35314,4629.871
35315,5795.4775
35316,7420.058
35317,7657.0957
35318,7901.3955
35319,8742.21
35320,6683.6714
35321,6644.295
35322,8971.581
35323,8174.661
35324,10541.976
35325,11043.023
35326,5966.34
35327,7430.3843
35328,5456.639
35329,4591.6733
35330,7913.727
35331,7093.905
35332,6187.2446
35333,8958.251
35334,9299.364
35335,11633.461
35336,8071.2935
35337,7623.4575
35338,6620.774
35339,6036.6523
35340,12571.152
35341,7647.4175
35342,8929.861
35343,17271.752
35344,10090.378
35345,7855.655
35346,7800.91
35347,5445.4346
35348,8679.946
35349,4804.123
35350,5963.148
35351,8349.009
35352,6993.9946
35353,17978.414
35354,16925.443
35355,7117.8164
35356,8835.887
35357,7058.74
35358,8264.338
35359,7246.7393
35360,14136.664
35361,10183.638
35362,11249.94
35363,5382.5615
35364,8822.557
35365,8022.9243
35366,11934.778
35367,9901.849
35368,8407.463
35369,8808.221
35370,7198.9766
35371,10332.447
35372,9487.999
35373,9420.874
35374,12403.217
35375,7240.2866
35376,10998.33
35377,7236.876
35378,6256.316
35379,7467.0864
35380,16371.614
35381,8270.339
35382,10366.126
35383,9255.369
35384,12521.589
35385,6567.871
35386,12231.468
35387,8629.46
35388,4922.1846
35389,17182.34
35390,20513.875
35391,8853.501
35392,9810.542
35393,11001.992
35394,12469.842
35395,12832.511
35396,6711.9536
35397,8050.965
35398,7316.3296
35399,11209.07
35400,4705.48
35401,7314.8154
35402,7067.2217
35403,8215.964
35404,9202.379
35405,7007.2153
35406,6193.078
35407,9723.498
35408,6024.4463
35409,5962.767
35410,7664.922
35411,7924.664
35412,10646.819
35413,11948.582
35414,8640.546
35415,7850.232
35416,8117.6084
35417,13877.716
35418,8222.447
35419,6682.2056
35420,5853.2656
35421,11417.824
35422,5298.2026
35423,8905.9
35424,3706.2307
35425,6052.8477
35426,11315.777
35427,6937.461
35428,8158.4204
35429,10477.022
35430,11420.994
35431,13674.565
35432,8266.672
35433,14800.146
35434,3350.645
35435,8602.055
35436,7543.9565
35437,6245.53
35438,10770.822
35439,7070.168
35440,6523.5615
35441,10182.366
35442,13063.669
35443,10985.132
35444,7308.26
35445,7240.5073
35446,12384.209
35447,9717.74
35448,6503.8477
35449,8158.5063
35450,8965.38
35451,11131.118
35452,6475.2817
35453,7293.469
35454,9724.787
35455,10089.338
35456,17181.637
35457,8173.2812
35458,13911.149
35459,9201.537
35460,6982.983
35461,4101.9355
35462,6976.146
35463,8436.759
35464,7195.7505
35465,10804.519
35466,6428.653
35467,5445.9175
35468,10983.487
35469,4128.161
35470,9463.524
35471,9375.606
35472,11141.2295
35473,10920.6875
35474,7224.834
35475,10607.25
35476,6225.5044
35477,6705.593
35478,8670.48
35479,6553.7847
35480,13066.598
35481,7296.7046
35482,6397.2427
35483,9113.227
35484,10910.381
35485,8973.02
35486,8002.679
35487,10220.926
35488,5745.2646
35489,7722.8584
35490,7595.7827
35491,12383.04
35492,6817.739
35493,8068.1304
35494,8123.5337
35495,7476.066
35496,5698.7856
35497,6596.0967
35498,12491.446
35499,11390.295
35500,13316.634
35501,14716.327
35502,11092.341
35503,10053.585
35504,5704.926
35505,11691.658
35506,13680.944
35507,10412.609
35508,9884.478
35509,10967.168
35510,7419.6904
35511,3162.7795
35512,13479.248
35513,8312.284
35514,7831.401
35515,8032.1733
35516,3280.206
35517,27701.623
35518,8612.728
35519,6008.8535
35520,5386.953
35521,5155.5854
35522,8660.323
35523,10520.791
35524,9393.454
35525,5691.2837
35526,7039.954
35527,4820.98
35528,3176.892
35529,9554.145
35530,20328.639
35531,5492.1206
35532,7513.5815
35533,7813.6216
35534,6750.353
35535,5735.42
35536,6383.8696
35537,4749.0615
35538,6059.595
35539,9259.413
35540,5716.348
35541,11258.613
35542,6472.923
35543,6299.6396
35544,13254.584
35545,10712.538
35546,11623.856
35547,7107.8096
35548,8017.554
35549,5853.271
35550,6105.1895
35551,17049.123
35552,13463.175
35553,8666.073
35554,6724.205
35555,7433.7656
35556,7789.8613
35557,5173.7734
35558,10411.655
35559,6051.9937
35560,5665.248
35561,11086.618
35562,7138.117
35563,8206.816
35564,8896.087
35565,9797.722
35566,10298.799
35567,5032.6855
35568,7117.538
35569,9448.535
35570,11123.339
35571,10898.556
35572,8265.143
35573,5858.242
35574,9914.824
35575,8912.503
35576,5484.598
35577,8482.217
35578,9865.932
35579,7358.818
35580,8234.926
35581,7150.7646
35582,6214.754
35583,6579.3574
35584,5893.433
35585,10265.495
35586,8427.06
35587,13665.4
35588,6245.423
35589,5708.159
35590,13702.805
35591,6738.0728
35592,4545.671
35593,10417.158
35594,10841.452
35595,12472.602
35596,6376.421
35597,7681.9087
35598,7008.893
35599,8687.508
35600,8961.541
35601,12450.353
35602,2628.9775
35603,6446.4536
35604,8227.5625
35605,6252.3604
35606,6149.349
35607,8263.432
35608,9213.111
35609,7325.1553
35610,10530.931
35611,9085.359
35612,10901.686
35613,7150.226
35614,5992.261
35615,8674.326
35616,11610.029
35617,10634.874
35618,4977.2876
35619,9612.588
35620,10236.467
35621,9331.536
35622,6288.203
35623,5752.8486
35624,11158.958
35625,7103.5127
35626,10713.632
35627,9512.229
35628,6661.8286
35629,10764.465
35630,7471.261
35631,8661.05
35632,11089.981
35633,6592.7695
35634,10105.508
35635,14940.651
35636,10670.394
35637,6663.163
35638,6886.828
35639,6576.754
35640,3680.7607
35641,13010.923
35642,8242.093
35643,10613.9795
35644,6131.486
35645,9083.8
35646,8322.145
35647,11870.3545
35648,7737.479
35649,7278.3335
35650,6350.267
35651,6347.887
35652,6392.784
35653,10303.455
35654,9870.158
35655,9485.511
35656,10527.024
35657,8028.405
35658,7937.0244
35659,5720.281
35660,8108.547
35661,13262.12
35662,11052.696
35663,10717.965
35664,17527.637
35665,6482.8765
35666,944.3438
35667,7826.5327
35668,10303.957
35669,14579.948
35670,8472.441
35671,9828.336
35672,9761.382
35673,8351.725
35674,10436.78
35675,8145.164
35676,4932.0024
35677,7202.9536
35678,4583.206
35679,6572.383
35680,10855.399
35681,20429.277
35682,7914.2705
35683,6189.033
35684,9202.081
35685,5634.251
35686,8351.167
35687,6810.914
35688,11634.593
35689,7903.8677
35690,8332.422
35691,13935.145
35692,13541.136
35693,6362.381
35694,8695.558
35695,4012.6594
35696,5949.0474
35697,7015.307
35698,12396.582
35699,3782.0398
35700,6416.5845
35701,6362.2896
35702,6897.3457
35703,8914.203
35704,9438.25
35705,4417.336
35706,9501.773
35707,10433.764
35708,9415.386
35709,5763.801
35710,5384.585
35711,9887.994
35712,6217.695
35713,11056.134
35714,5349.982
35715,7161.092
35716,9009.878
35717,7665.777
35718,5692.603
35719,6934.107
35720,8391.072
35721,11755.627
35722,12465.181
35723,7073.4126
35724,5693.9717
35725,6773.4297
35726,7758.881
35727,5334.0737
35728,7575.7773
35729,7344.5063
35730,1960.3541
35731,10030.943
35732,7523.4634
35733,9795.236
35734,6232.4976
35735,11255.543
35736,6770.6265
35737,16072.419
35738,9079.417
35739,7269.8345
35740,6980.6787
35741,6039.5547
35742,7468.3047
35743,20685.643
35744,4547.2324
35745,7244.0444
35746,12633.063
35747,7428.9243
35748,1613.5063
35749,9585.625
35750,8401.307
35751,6874.759
35752,5581.664
35753,13005.712
35754,7756.2246
35755,6096.705
35756,9811.917
35757,5911.06
35758,9344.316
35759,5710.0977
35760,5463.3994
35761,11036.685
35762,12009.088
35763,5786.7114
35764,8656.219
35765,10471.418
35766,7970.0312
35767,12250.79
35768,7919.292
35769,8601.324
35770,6081.517
35771,3399.146
35772,8539.291
35773,5730.8647
35774,10273.684
35775,5196.3315
35776,10287.273
35777,5748.7183
35778,7813.42
35779,7026.9463
35780,8551.598
35781,8633.338
35782,10210.062
35783,9005.359
35784,8461.354
35785,7676.357
35786,11133.709
35787,11987.963
35788,8219.985
35789,4827.643
35790,8229.108
35791,8495.981
35792,4985.189
35793,14558.188
35794,9116.078
35795,8065.7065
35796,12433.17
35797,7325.4697
35798,5407.303
35799,1138.0051
35800,12633.461
35801,7039.605
35802,11124.379
35803,11229.348
35804,10143.158
35805,7786.675
35806,6108.0024
35807,7980.399
35808,8344.781
35809,9303.693
35810,5661.521
35811,10055.647
35812,9888.702
35813,5850.486
35814,10220.711
35815,7465.0215
35816,8349.598
35817,6451.202
35818,11221.104
35819,8812.792
35820,8417.204
35821,7858.488
35822,9316.524
35823,9796.18
35824,6723.442
35825,6533.0264
35826,8778.438
35827,8895.68
35828,6908.592
35829,5716.13
35830,4980.84
35831,9069.04
35832,8958.499
35833,7760.672
35834,10232.465
35835,8025.251
35836,7993.0522
35837,7474.162
35838,4367.477
35839,9604.468
35840,7911.4478
35841,8154.4766
35842,10960.454
35843,9656.438
35844,5877.4395
35845,10218.431
35846,5318.6035
35847,3089.9475
35848,8009.5977
35849,12421.957
35850,10099.081
35851,8980.177
35852,5851.959
35853,8372.749
35854,11267.82
35855,7634.5254
35856,10387.067
35857,6750.147
35858,6180.6445
35859,6494.5244
35860,6631.126
35861,6824.596
35862,6640.9497
35863,9151.072
35864,5339.556
35865,8043.259
35866,9107.778
35867,7578.639
35868,7680.282
35869,9216.029
35870,6588.589
35871,6588.03
35872,13943.082
35873,8506.101
35874,8337.876
35875,5373.825
35876,13369.842
35877,10111.428
35878,6911.2607
35879,10828.587
35880,9811.805
35881,9097.941
35882,7790.3223
35883,7946.326
35884,12838.19
35885,17695.754
35886,6794.0312
35887,5921.0195
35888,6683.5635
35889,7649.285
35890,7745.8447
35891,8892.625
35892,10641.52
35893,6097.1294
35894,4859.1094
35895,8069.4
35896,13412.205
35897,6988.333
35898,10271.439
35899,5177.4614
35900,10283.928
35901,8877.117
35902,8951.965
35903,8233.544
35904,8948.9
35905,5449.8047
35906,7351.417
35907,8968.553
35908,10488.86
35909,9139.148
35910,9546.593
35911,7924.2104
35912,5236.1357
35913,10624.411
35914,5517.287
35915,11498.256
35916,7135.946
35917,5794.311
35918,8604.418
35919,7589.6997
35920,9564.775
35921,1440.4944
35922,4747.2407
35923,6100.195
35924,9368.018
35925,11181.522
35926,11232.24
35927,7840.3994
35928,7113.439
35929,6778.5225
35930,7705.222
35931,6622.189
35932,11860.441
35933,11281.896
35934,15372.183
35935,5426.038
35936,7416.3013
35937,11968.359
35938,11876.232
35939,7522.6953
35940,10670.068
35941,8478.998
35942,8093.3486
35943,7386.1226
35944,7198.4688
35945,6326.58
35946,7366.9785
35947,6972.999
35948,5562.0054
35949,10411.219
35950,8015.0464
35951,28170.123
35952,9749.528
35953,4286.126
35954,8479.354
35955,11710.283
35956,7238.671
35957,7473.314
35958,5788.9087
35959,9356.15
35960,8995.221
35961,5125.9336
35962,6884.07
35963,6756.421
35964,8282.377
35965,7946.2354
35966,4021.2656
35967,6154.9473
35968,4708.96
35969,5391.2812
35970,12976.595
35971,10245.443
35972,11443.805
35973,7009.301
35974,5123.4355
35975,5572.328
35976,4658.431
35977,8264.622
35978,11810.987
35979,11345.16
35980,5607.1284
35981,5847.7295
35982,4750.2485
35983,5767.6064
35984,11395.337
35985,6931.5415
35986,5454.7866
35987,5382.0073
35988,8378.477
35989,3305.7327
35990,7637.2856
35991,3618.1536
35992,7859.4023
35993,7678.993
35994,6158.0713
35995,8654.436
35996,9339.941
35997,6614.2476
35998,6941.777
35999,7423.152
36000,12121.837
36001,6740.6055
36002,9786.02
36003,8587.9795
36004,10587.4795
36005,6303.2876
36006,10614.931
36007,5643.7876
36008,5815.179
36009,6449.787
36010,6300.3906
36011,9877.908
36012,7669.0386
36013,5425.4688
36014,7096.605
36015,7481.6157
36016,10759.395
36017,3740.9768
36018,13249.061
36019,5499.3394
36020,6922.1465
36021,8666.727
36022,5100.776
36023,6466.659
36024,7295.4663
36025,7430.9653
36026,5401.5557
36027,5369.4854
36028,9882.008
36029,8387.144
36030,7513.675
36031,6719.339
36032,6512.911
36033,10054.008
36034,7084.452
36035,5770.688
36036,7756.72
36037,5138.461
36038,5291.4653
36039,7685.0527
36040,4089.4297
36041,5601.4297
36042,3949.5176
36043,5766.3467
36044,10990.8955
36045,4278.977
36046,6021.4414
36047,5185.295
36048,9031.663
36049,10073.762
36050,4784.395
36051,3817.8933
36052,6620.2246
36053,6058.514
36054,7125.363
36055,5997.7275
36056,8544.383
36057,8967.064
36058,5992.7983
36059,4416.4136
36060,6234.3823
36061,8876.729
36062,8290.099
36063,8572.569
36064,7726.866
36065,5965.9644
36066,8884.944
36067,5739.059
36068,8065.522
36069,8551.19
36070,6704.7935
36071,10020.1
36072,8686.563
36073,8363.458
36074,5793.7974
36075,7454.676
36076,9042.55
36077,7967.052
36078,5053.124
36079,6306.6616
36080,8705.009
36081,5348.2876
36082,5255.6055
36083,7984.7847
36084,6630.3037
36085,7018.245
36086,5718.4644
36087,5234.9717
36088,7398.645
36089,7290.1655
36090,8349.559
36091,5954.378
36092,4801.8325
36093,6323.0024
36094,4477.9185
36095,6691.856
36096,6014.117
36097,8461.781
36098,8243.586
36099,6434.2046
36100,11932.593
36101,5144.0713
36102,5650.1216
36103,10772.651
36104,6898.6226
36105,8990.332
36106,8075.9062
36107,5427.9116
36108,5972.6714
36109,6901.255
36110,9549.344
36111,12342.832
36112,8285.546
36113,3178.6445
36114,4818.2856
36115,8982.875
36116,9490.153
36117,5423.678
36118,6395.681
36119,4570.8896
36120,6286.2544
36121,3186.0186
36122,4798.5356
36123,6111.703
36124,8256.082
36125,6923.8237
36126,6356.327
36127,8274.276
36128,9948.679
36129,7139.1113
36130,5347.584
36131,10049.271
36132,10802.251
36133,7006.4136
36134,8249.871
36135,4980.436
36136,6052.305
36137,4491.848
36138,8130.9365
36139,5174.751
36140,9199.939
36141,7430.54
36142,7965.274
36143,9408.195
36144,5500.7397
36145,8874.561
36146,20771.045
36147,10778.89
36148,6445.814
36149,3226.2656
36150,6320.9404
36151,9895.599
36152,6426.0776
36153,11569.241
36154,19163.613
36155,4726.411
36156,5498.5894
36157,9483.087
36158,5216.663
36159,7100.329
36160,10096.8955
36161,7878.526
36162,5042.81
36163,2687.861
36164,7180.016
36165,5931.6924
36166,10787.857
36167,6870.183
36168,6033.198
36169,6987.82
36170,1951.9326
36171,4761.3535
36172,3201.0745
36173,5882.24
36174,6352.1636
36175,7245.2466
36176,5932.1562
36177,6489.2676
36178,8449.942
36179,7087.074
36180,8197.624
36181,8438.683
36182,5622.2686
36183,6047.723
36184,4235.44
36185,3036.712
36186,6689.3096
36187,5763.735
36188,5868.1016
36189,8190.3633
36190,7753.133
36191,11985.448
36192,7223.621
36193,6291.7427
36194,6168.806
36195,5210.1587
36196,9913.944
36197,5801.8047
36198,8811.38
36199,15547.257
36200,7908.249
36201,8279.376
36202,5880.058
36203,4572.054
36204,8006.8247
36205,4823.0034
36206,5850.0674
36207,8524.879
36208,5489.324
36209,14532.274
36210,14990.364
36211,5236.65
36212,8198.906
36213,6868.9775
36214,7365.468
36215,6245.226
36216,11908.604
36217,8219.601
36218,12664.694
36219,5048.1475
36220,7824.6294
36221,6214.108
36222,11506.571
36223,7987.565
36224,7618.3115
36225,7453.0547
36226,6383.614
36227,8029.6147
36228,8160.522
36229,7464.8076
36230,9861.952
36231,6173.9272
36232,9768.6
36233,6967.1025
36234,5128.7114
36235,6089.696
36236,10994.975
36237,6128.843
36238,8315.9795
36239,6863.954
36240,9658.097
36241,5055.785
36242,11367.19
36243,7396.853
36244,3961.8376
36245,16273.865
36246,19710.566
36247,7517.1514
36248,7507.5425
36249,9458.48
36250,10668.929
36251,10791.923
36252,6587.898
36253,6981.3047
36254,5862.373
36255,8670.249
36256,3915.2322
36257,7131.346
36258,5995.514
36259,7843.6685
36260,7657.9795
36261,7025.5054
36262,5857.8228
36263,7632.523
36264,5168.18
36265,4732.1675
36266,6269.9004
36267,6334.9976
36268,8733.534
36269,9613.037
36270,7297.0806
36271,6576.227
36272,6666.227
36273,11579.816
36274,8649.9795
36275,6030.8105
36276,4542.3423
36277,8579.497
36278,4630.326
36279,7256.229
36280,3120.59
36281,5265.4854
36282,11224.326
36283,5366.444
36284,6207.9346
36285,8213.237
36286,9449.59
36287,12021.108
36288,7013.173
36289,12612.092
36290,2908.3503
36291,6367.4985
36292,6138.385
36293,4736.0464
36294,8452.271
36295,6656.512
36296,5487.5024
36297,8597.626
36298,12747.281
36299,10173.562
36300,6591.839
36301,6542.879
36302,12499.515
36303,7660.9746
36304,6110.7065
36305,6123.899
36306,6984.328
36307,11089.76
36308,4992.203
36309,6376.4087
36310,7848.817
36311,8255.861
36312,14807.799
36313,6100.893
36314,12773.166
36315,6796.449
36316,5324.7607
36317,3657.506
36318,6062.2427
36319,6538.799
36320,5991.8154
36321,7775.824
36322,5210.919
36323,5389.9907
36324,8618.331
36325,3333.957
36326,8910.761
36327,7740.136
36328,10223.704
36329,9054.416
36330,6062.6304
36331,9364.274
36332,5985.081
36333,5610.3223
36334,6654.874
36335,5584.817
36336,12116.093
36337,6546.0815
36338,6141.811
36339,8331.484
36340,9639.957
36341,8634.359
36342,7537.6133
36343,8966.877
36344,5032.3447
36345,6530.422
36346,6112.333
36347,8945.137
36348,6898.0894
36349,7142.4897
36350,6026.699
36351,6222.5005
36352,5326.9707
36353,5071.004
36354,10099.11
36355,9747.938
36356,10515.094
36357,13879.437
36358,8514.03
36359,8378.804
36360,5064.401
36361,10159.104
36362,11950.497
36363,7507.7285
36364,8398.583
36365,10021.839
36366,6820.711
36367,2817.0984
36368,12626.125
36369,6913.549
36370,6753.663
36371,7889.1885
36372,2816.7397
36373,6874.444
36374,6835.99
36375,4541.1855
36376,4599.6914
36377,3966.5193
36378,7275.863
36379,9894.636
36380,7259.9116
36381,4928.377
36382,5299.6484
36383,4275.2397
36384,2721.2253
36385,7503.3047
36386,19165.074
36387,5312.1084
36388,6183.6577
36389,6701.641
36390,6454.304
36391,4912.9297
36392,5197.719
36393,4151.2656
36394,2473.9626
36395,7495.1504
36396,5579.0986
36397,9206.786
36398,5914.2856
36399,6123.636
36400,10890.555
36401,8461.346
36402,9412.862
36403,6085.6196
36404,6983.1826
36405,4571.0947
36406,4920.0347
36407,15548.429
36408,10922.198
36409,6527.4517
36410,6416.964
36411,5428.4917
36412,7415.2896
36413,4804.2515
36414,11415.266
36415,5712.778
36416,2595.6282
36417,8577.428
36418,5604.599
36419,7566.3677
36420,8307.528
36421,8032.112
36422,8060.1465
36423,4357.178
36424,6566.0166
36425,7620.4336
36426,9290.454
36427,10068.104
36428,6622.8076
36429,5033.746
36430,8019.099
36431,8176.4
36432,5004.103
36433,7597.341
36434,8220.416
36435,6991.447
36436,6408.8223
36437,6396.755
36438,4688.262
36439,5669.0806
36440,5034.582
36441,7964.8486
36442,6541.631
36443,10445.872
36444,6578.065
36445,4857.2095
36446,11238.026
36447,7124.7583
36448,3867.186
36449,9658.345
36450,8261.777
36451,12517.589
36452,5476.887
36453,6214.2085
36454,6565.5347
36455,7630.9873
36456,6400.9297
36457,9623.89
36458,2197.445
36459,5642.1943
36460,6309.177
36461,5161.963
36462,5753.1123
36463,6460.642
36464,7737.8477
36465,6081.14
36466,10579.868
36467,7838.1567
36468,8781.403
36469,5570.006
36470,5415.9185
36471,8028.964
36472,9191.572
36473,9453.772
36474,5497.7344
36475,8282.44
36476,7382.3125
36477,8063.0605
36478,4957.6475
36479,5363.425
36480,9245.091
36481,7345.5083
36482,8517.808
36483,7476.501
36484,5817.382
36485,8404.385
36486,6674.861
36487,6931.2637
36488,10479.111
36489,7168.691
36490,9746.553
36491,11943.717
36492,9147.703
36493,6472.003
36494,5357.259
36495,5455.1196
36496,3156.0342
36497,12064.342
36498,6121.7266
36499,8659.5625
36500,4723.121
36501,6332.11
36502,7505.4087
36503,11274.593
36504,5557.837
36505,5354.459
36506,5680.5996
36507,5233.1646
36508,4654.704
36509,9624.459
36510,8852.936
36511,8038.312
36512,8047.886
36513,6559.788
36514,5886.4272
36515,4897.896
36516,5848.1924
36517,9953.596
36518,10471.229
36519,9416.553
36520,14846.489
36521,6314.5225
36522,784.66547
36523,7473.492
36524,7909.4863
36525,11005.183
36526,6613.8184
36527,7505.502
36528,7733.347
36529,7692.5474
36530,8092.561
36531,6212.3477
36532,4630.9663
36533,5516.0767
36534,3919.627
36535,6218.448
36536,8527.237
36537,20797.111
36538,6855.8867
36539,5274.413
36540,8977.128
36541,4452.5503
36542,6219.1836
36543,5280.9873
36544,11451.458
36545,6352.3877
36546,6838.4688
36547,11985.699
36548,11839.138
36549,5371.9033
36550,7517.8467
36551,3560.291
36552,5109.2925
36553,6127.6855
36554,9883.299
36555,3106.0872
36556,4951.815
36557,6085.329
36558,5944.9404
36559,8627.214
36560,7385.51
36561,3702.1497
36562,6818.3955
36563,8825.6455
36564,7354.208
36565,4609.332
36566,4372.98
36567,8346.764
36568,5846.3857
36569,9338.223
36570,4275.2847
36571,5646.555
36572,8741.901
36573,6328.125
36574,4725.708
36575,5959.833
36576,6911.861
36577,9684.755
36578,10269.383
36579,5573.28
36580,5128.4375
36581,5303.537
36582,7404.0244
36583,4435.3145
36584,6232.361
36585,6147.7246
36586,1815.4575
36587,10214.309
36588,6003.554
36589,8221.616
36590,6026.59
36591,9430.088
36592,5357.0693
36593,14027.981
36594,6582.6343
36595,5913.942
36596,6397.0967
36597,4370.8735
36598,6614.298
36599,14516.261
36600,4254.0576
36601,5207.9526
36602,11234.833
36603,5428.9834
36604,1571.0624
36605,7925.4126
36606,6416.2417
36607,5407.8604
36608,4656.1255
36609,10292.69
36610,6884.503
36611,5248.3315
36612,8241.448
36613,5372.8926
36614,7078.4067
36615,4663.0146
36616,4760.8223
36617,8359.144
36618,9963.597
36619,5548.292
36620,6803.473
36621,8071.009
36622,6218.5312
36623,9648.392
36624,6228.1533
36625,8420.656
36626,4765.593
36627,2440.558
36628,7835.5776
36629,4767.148
36630,8906.028
36631,4484.9976
36632,8616.014
36633,4902.6777
36634,6104.9214
36635,6018.846
36636,7162.8403
36637,7520.0127
36638,7762.382
36639,8004.328
36640,8502.629
36641,7011.9424
36642,9439.285
36643,10520.109
36644,6936.0586
36645,3547.6824
36646,7336.4756
36647,7002.318
36648,4982.7266
36649,11124.602
36650,6921.3477
36651,6982.25
36652,10588.177
36653,6288.185
36654,4938.188
36655,956.88617
36656,10404.498
36657,5390.556
36658,9667.911
36659,9935.347
36660,7085.1816
36661,6368.6343
36662,5043.426
36663,3795.2927
36664,7715.054
36665,6944.909
36666,5277.4424
36667,7132.8633
36668,7570.7783
36669,5181.5273
36670,7592.936
36671,6426.035
36672,7333.866
36673,6322.538
36674,7460.494
36675,8463.024
36676,7060.41
36677,6568.648
36678,7587.34
36679,8198.445
36680,5272.7026
36681,6248.9204
36682,6854.644
36683,7034.967
36684,5565.2744
36685,4888.4023
36686,4478.9565
36687,8261.178
36688,8027.999
36689,6214.659
36690,8325.653
36691,6309.195
36692,7570.302
36693,5849.3643
36694,3882.0295
36695,7814.7544
36696,6414.8647
36697,6372.633
36698,10396.583
36699,8486.765
36700,4802.6753
36701,9260.137
36702,5341.9097
36703,3531.0
36704,6831.6753
36705,11301.055
36706,9654.873
36707,7324.31
36708,5423.756
36709,7119.473
36710,10593.823
36711,6120.337
36712,8134.272
36713,6222.8687
36714,5431.439
36715,5958.5425
36716,5222.9316
36717,5473.059
36718,6599.665
36719,7046.175
36720,4815.552
36721,7993.2275
36722,8757.307
36723,6290.5605
36724,6318.005
36725,6894.5044
36726,5611.7725
36727,6297.819
36728,10422.754
36729,7897.071
36730,6327.7812
36731,5153.643
36732,10800.355
36733,7889.738
36734,5855.0747
36735,8855.714
36736,8209.306
36737,7961.9165
36738,6008.275
36739,6609.24
36740,9718.315
36741,16127.852
36742,5163.2876
36743,4654.904
36744,5511.843
36745,6911.874
36746,6195.205
36747,8744.778
36748,9992.795
36749,2698.8394
36750,4823.3394
36751,6695.399
36752,11719.948
36753,5123.089
36754,6186.0527
36755,4942.9385
36756,6491.465
36757,7672.58
36758,8923.348
36759,7055.5093
36760,8631.23
36761,4350.0723
36762,5589.1016
36763,7739.619
36764,8238.296
36765,8860.039
36766,7490.9697
36767,6662.076
36768,4552.4185
36769,9936.815
36770,5181.8633
36771,9512.637
36772,5407.1333
36773,4572.521
36774,6711.0317
36775,7121.6465
36776,8587.995
36777,1299.9968
36778,4255.9043
36779,5229.058
36780,8222.235
36781,10583.037
36782,10467.095
36783,5657.418
36784,6525.989
36785,7216.7964
36786,6049.593
36787,6301.5986
36788,9803.134
36789,9598.223
36790,15089.079
36791,2192.4744
36792,6985.414
36793,9805.939
36794,10753.629
36795,6554.866
36796,8817.357
36797,8069.6694
36798,5836.2505
36799,5745.15
36800,5383.3267
36801,6330.244
36802,6860.511
36803,5656.3174
36804,5252.6836
36805,8616.894
36806,7607.971
36807,26500.877
36808,7745.712
36809,6777.32
36810,11988.215
36811,16817.97
36812,9651.595
36813,10992.227
36814,8210.645
36815,12670.107
36816,12352.618
36817,8045.1387
36818,9019.56
36819,9819.341
36820,12333.324
36821,10431.516
36822,5488.0835
36823,8622.656
36824,5765.1973
36825,8380.274
36826,16306.181
36827,15183.954
36828,15508.205
36829,11003.85
36830,6383.821
36831,8123.061
36832,6562.3354
36833,12522.473
36834,16201.745
36835,15414.362
36836,8680.145
36837,7772.554
36838,5876.7837
36839,8535.317
36840,15408.732
36841,10262.274
36842,7840.3994
36843,8328.378
36844,11460.177
36845,4807.8364
36846,11788.558
36847,5237.449
36848,10356.254
36849,10879.083
36850,9340.004
36851,12536.598
36852,12119.19
36853,9049.84
36854,10457.116
36855,10960.434
36856,15390.3
36857,9555.767
36858,15424.642
36859,11909.296
36860,15578.175
36861,9506.768
36862,12980.828
36863,7376.984
36864,8589.757
36865,9531.399
36866,8975.724
36867,14846.163
36868,11112.343
36869,8034.6787
36870,10203.588
36871,9352.841
36872,12589.966
36873,5554.3657
36874,19995.426
36875,6975.7134
36876,8392.865
36877,12993.463
36878,7414.0806
36879,9136.255
36880,9287.566
36881,11201.632
36882,7299.691
36883,7951.0947
36884,14926.921
36885,11731.904
36886,10066.222
36887,8219.357
36888,9905.882
36889,16318.44
36890,9971.23
36891,8584.72
36892,10985.8545
36893,7578.191
36894,8228.049
36895,10881.719
36896,6111.6626
36897,10607.098
36898,7064.176
36899,9764.39
36900,16822.863
36901,6609.732
36902,8725.749
36903,8043.558
36904,12996.251
36905,12951.508
36906,7345.8306
36907,5688.9663
36908,9626.772
36909,8606.552
36910,8992.922
36911,7934.6777
36912,11843.949
36913,11231.008
36914,8681.503
36915,6595.8325
36916,9780.962
36917,12288.062
36918,12044.062
36919,12047.094
36920,11976.272
36921,9097.907
36922,13398.512
36923,9073.98
36924,10709.698
36925,12908.666
36926,9697.787
36927,15386.322
36928,13307.505
36929,12190.857
36930,8307.766
36931,11079.483
36932,12425.274
36933,10448.712
36934,6522.553
36935,7955.7524
36936,12789.3545
36937,7573.09
36938,6802.7593
36939,11887.621
36940,8582.755
36941,8689.928
36942,8579.972
36943,7779.9785
36944,11697.569
36945,10725.185
36946,10718.752
36947,8551.443
36948,6858.817
36949,9539.694
36950,5686.7905
36951,9715.164
36952,9290.463
36953,12313.272
36954,10527.356
36955,8259.878
36956,16769.168
36957,8519.124
36958,7690.42
36959,16616.064
36960,10459.64
36961,12581.203
36962,11857.422
36963,6836.069
36964,7795.748
36965,8737.375
36966,11978.306
36967,19089.936
36968,10811.054
36969,4657.778
36970,7403.9395
36971,13003.529
36972,13698.924
36973,7548.9663
36974,9298.45
36975,6907.8076
36976,8335.41
36977,4701.805
36978,7102.2393
36979,8732.651
36980,11432.36
36981,10501.533
36982,9511.258
36983,11758.89
36984,14224.764
36985,10797.05
36986,7725.7534
36987,15103.895
36988,16566.678
36989,8706.3545
36990,11887.928
36991,7681.579
36992,9215.405
36993,6338.08
36994,11186.749
36995,7776.855
36996,13779.143
36997,11014.297
36998,11828.866
36999,11771.401
37000,7859.597
37001,13203.384
37002,28667.154
37003,15978.21
37004,9326.02
37005,5398.496
37006,9329.293
37007,14346.884
37008,8522.033
37009,20159.297
37010,30452.48
37011,6258.8525
37012,7482.986
37013,13287.176
37014,7576.9404
37015,10869.199
37016,12539.922
37017,11843.9375
37018,7129.51
37019,4332.82
37020,10315.432
37021,8547.064
37022,15474.519
37023,9357.686
37024,8916.78
37025,9310.307
37026,2887.055
37027,7100.1665
37028,4643.573
37029,9078.517
37030,9350.629
37031,10808.755
37032,8704.1045
37033,8074.4814
37034,10513.971
37035,10258.271
37036,11796.498
37037,12471.816
37038,7497.345
37039,8871.235
37040,5885.793
37041,3595.1846
37042,9229.312
37043,8905.688
37044,7153.616
37045,11007.397
37046,11926.903
37047,15162.984
37048,11065.786
37049,8472.959
37050,7417.32
37051,6955.5825
37052,15474.091
37053,8153.2163
37054,10389.386
37055,21834.158
37056,11430.823
37057,9666.621
37058,7100.627
37059,6901.8867
37060,9706.764
37061,6143.5923
37062,7641.701
37063,12513.972
37064,7730.81
37065,22759.277
37066,21874.656
37067,6924.497
37068,10895.209
37069,8429.897
37070,10750.07
37071,9228.695
37072,15699.42
37073,10582.533
37074,14509.575
37075,6935.013
37076,11457.008
37077,8122.5728
37078,14352.262
37079,11147.586
37080,9631.199
37081,10332.102
37082,9281.571
37083,12171.328
37084,11631.774
37085,10054.985
37086,15114.919
37087,9027.676
37088,15580.463
37089,8673.251
37090,8482.322
37091,8997.563
37092,16294.63
37093,8892.829
37094,11871.182
37095,10284.487
37096,13323.977
37097,6688.627
37098,14900.55
37099,10770.236
37100,5845.928
37101,21171.588
37102,26688.059
37103,11139.296
37104,10741.093
37105,14199.999
37106,16173.631
37107,15986.883
37108,7991.3447
37109,10370.784
37110,8413.512
37111,13268.801
37112,5723.85
37113,9559.878
37114,8732.185
37115,9839.507
37116,10833.441
37117,8560.501
37118,7856.449
37119,10421.66
37120,6477.8145
37121,7947.1523
37122,9432.274
37123,9426.006
37124,13737.69
37125,13588.706
37126,10689.462
37127,9193.519
37128,9848.323
37129,16942.32
37130,11107.543
37131,8032.219
37132,7457.8477
37133,12746.552
37134,6688.2505
37135,10532.639
37136,4666.209
37137,7954.584
37138,14632.466
37139,10692.123
37140,9130.645
37141,12482.836
37142,13952.926
37143,17430.018
37144,10168.623
37145,14890.989
37146,4328.173
37147,9305.335
37148,6665.8774
37149,7462.6865
37150,12555.061
37151,8467.829
37152,8024.5693
37153,12818.785
37154,15482.919
37155,13834.33
37156,8660.257
37157,8237.612
37158,19261.111
37159,11215.177
37160,9624.202
37161,8401.515
37162,10632.825
37163,14201.61
37164,7378.518
37165,9356.614
37166,12235.377
37167,12785.257
37168,20767.934
37169,9178.922
37170,20338.314
37171,10404.33
37172,8045.269
37173,5220.571
37174,9852.691
37175,9574.35
37176,8501.227
37177,11335.556
37178,7388.906
37179,6577.4375
37180,11700.448
37181,5386.049
37182,11425.689
37183,10966.163
37184,13673.496
37185,12952.829
37186,8818.88
37187,13816.648
37188,7687.45
37189,8182.5786
37190,9447.454
37191,8379.531
37192,14300.654
37193,9395.855
37194,8240.474
37195,11314.385
37196,12564.847
37197,11136.162
37198,10096.799
37199,13817.241
37200,8431.225
37201,10288.588
37202,9106.502
37203,12763.57
37204,9513.09
37205,9899.517
37206,8760.047
37207,8874.569
37208,6691.6387
37209,7039.249
37210,13365.124
37211,13796.33
37212,15755.159
37213,17347.857
37214,12672.452
37215,12794.211
37216,7243.229
37217,14949.132
37218,18039.371
37219,10995.352
37220,12531.601
37221,13117.468
37222,8860.994
37223,3961.494
37224,16431.996
37225,11023.503
37226,10694.367
37227,10049.319
37228,4314.113
37229,8930.892
37230,8581.331
37231,6662.2925
37232,6993.501
37233,6428.72
37234,10807.1875
37235,13098.927
37236,10390.575
37237,8601.029
37238,7360.2007
37239,6571.919
37240,3911.5178
37241,11088.015
37242,30540.256
37243,6771.698
37244,8747.631
37245,11021.043
37246,7604.9097
37247,7486.391
37248,7271.263
37249,6718.5957
37250,3382.9812
37251,10385.76
37252,6869.0625
37253,14385.495
37254,8100.4844
37255,7756.121
37256,16107.822
37257,12685.814
37258,15323.146
37259,8913.039
37260,10363.506
37261,7276.598
37262,7678.3633
37263,23784.328
37264,16135.898
37265,9199.721
37266,8972.592
37267,7865.3564
37268,9556.514
37269,6642.9453
37270,14525.388
37271,7599.1377
37272,3732.3257
37273,11998.853
37274,7685.5293
37275,9419.212
37276,11832.116
37277,11853.407
37278,11956.505
37279,6790.358
37280,8067.753
37281,10266.964
37282,14204.144
37283,12746.479
37284,10005.928
37285,6938.626
37286,11337.015
37287,11812.08
37288,7414.505
37289,10359.82
37290,12134.724
37291,8803.434
37292,9877.748
37293,9564.721
37294,9607.152
37295,8326.337
37296,7438.546
37297,11557.143
37298,10106.135
37299,14834.586
37300,9454.124
37301,7117.056
37302,16762.037
37303,9335.542
37304,5810.3115
37305,14190.535
37306,12524.945
37307,15028.643
37308,7980.049
37309,8959.807
37310,8311.182
37311,11300.635
37312,9103.888
37313,14174.142
37314,3305.288
37315,9437.151
37316,9665.008
37317,8004.9844
37318,7427.7837
37319,9744.062
37320,11965.072
37321,8999.872
37322,14451.847
37323,11712.45
37324,14113.089
37325,7666.1133
37326,8245.567
37327,10776.206
37328,12885.603
37329,11786.084
37330,5695.916
37331,12823.995
37332,9731.105
37333,11520.319
37334,7291.5425
37335,6824.472
37336,13603.19
37337,9633.036
37338,12690.595
37339,10662.651
37340,8430.8545
37341,11767.922
37342,10850.504
37343,10878.45
37344,13915.741
37345,9806.622
37346,14617.248
37347,16125.561
37348,12001.611
37349,7865.011
37350,7953.249
37351,7015.347
37352,4850.3525
37353,14411.339
37354,8831.952
37355,13087.825
37356,6686.254
37357,8551.271
37358,9589.1455
37359,15677.619
37360,7689.54
37361,7920.2363
37362,9172.402
37363,7622.665
37364,6922.7734
37365,11584.699
37366,11330.973
37367,12164.33
37368,11576.559
37369,10179.977
37370,8560.403
37371,7280.4443
37372,8189.8794
37373,16867.72
37374,12556.258
37375,13943.693
37376,23634.748
37377,8180.7295
37378,1197.5533
37379,9645.347
37380,12043.705
37381,16080.132
37382,9910.654
37383,11301.313
37384,11973.429
37385,10195.699
37386,11187.314
37387,9223.055
37388,6368.0454
37389,7950.594
37390,5925.4663
37391,7794.4844
37392,12011.745
37393,28654.662
37394,10452.809
37395,7548.945
37396,11225.289
37397,5587.0015
37398,9367.856
37399,7462.5938
37400,13367.508
37401,9318.87
37402,10207.56
37403,18049.422
37404,18289.96
37405,8501.907
37406,10582.543
37407,5237.5493
37408,7927.2725
37409,9246.034
37410,14016.427
37411,4826.5933
37412,6960.314
37413,8058.409
37414,8438.94
37415,10719.683
37416,11068.372
37417,5504.8027
37418,10379.689
37419,13039.445
37420,10746.944
37421,7320.287
37422,7383.4463
37423,12538.14
37424,7460.494
37425,14204.577
37426,6431.339
37427,8573.878
37428,11570.245
37429,9642.008
37430,7129.9385
37431,8233.771
37432,10930.994
37433,14621.152
37434,15535.695
37435,8205.134
37436,7450.638
37437,7836.004
37438,9760.293
37439,6945.346
37440,9769.104
37441,9175.885
37442,2450.349
37443,13139.718
37444,8683.407
37445,12738.385
37446,7830.9155
37447,14029.387
37448,8556.607
37449,21299.686
37450,10414.546
37451,8500.959
37452,8488.506
37453,6269.428
37454,9969.053
37455,22553.314
37456,5509.2466
37457,7675.486
37458,14986.762
37459,10011.416
37460,2057.5938
37461,12329.913
37462,9901.49
37463,7777.686
37464,6877.4604
37465,14986.705
37466,8981.017
37467,7867.3745
37468,11309.734
37469,6867.9946
37470,10541.11
37471,6998.025
37472,6778.4644
37473,10982.796
37474,13975.833
37475,7186.888
37476,10550.525
37477,10575.399
37478,9136.098
37479,13421.149
37480,9186.927
37481,11578.227
37482,7001.2495
37483,3161.238
37484,13267.548
37485,6631.689
37486,13452.047
37487,4228.15
37488,12262.41
37489,7380.355
37490,9216.434
37491,8827.783
37492,10584.219
37493,10254.525
37494,10792.52
37495,10555.759
37496,10816.768
37497,9675.106
37498,13842.87
37499,15727.67
37500,11191.871
37501,5188.293
37502,9104.521
37503,10427.268
37504,6309.1587
37505,16264.339
37506,9642.826
37507,10057.872
37508,15356.548
37509,10555.467
37510,6690.171
37511,1346.499
37512,16539.525
37513,7264.92
37514,14056.91
37515,14229.934
37516,9843.75
37517,9480.935
37518,7454.171
37519,5033.866
37520,9911.458
37521,10207.618
37522,6628.6597
37523,10517.149
37524,10722.178
37525,7704.171
37526,12742.734
37527,9751.239
37528,10921.8545
37529,7624.352
37530,9457.561
37531,11427.694
37532,9812.909
37533,9899.582
37534,10554.903
37535,12278.571
37536,7916.86
37537,7913.8477
37538,9558.036
37539,10442.315
37540,8123.2
37541,7228.5767
37542,6200.845
37543,10978.094
37544,10766.662
37545,9265.182
37546,11620.055
37547,9296.26
37548,10335.699
37549,8477.793
37550,5138.3677
37551,11463.916
37552,9338.035
37553,9390.776
37554,13449.507
37555,14136.272
37556,7148.6646
37557,12186.672
37558,6408.7246
37559,4461.087
37560,11023.313
37561,15904.866
37562,12841.644
37563,10728.131
37564,7481.737
37565,10596.42
37566,13609.848
37567,8946.271
37568,11990.284
37569,7708.28
37570,7417.0156
37571,7919.103
37572,7629.459
37573,8231.659
37574,8444.979
37575,9032.249
37576,6111.75
37577,10580.515
37578,11541.82
37579,8804.886
37580,9378.942
37581,10350.457
37582,8626.268
37583,7719.736
37584,14306.206
37585,10321.051
37586,8397.718
37587,6420.6494
37588,17214.195
37589,10514.903
37590,9128.895
37591,12238.575
37592,12425.417
37593,11510.183
37594,8526.114
37595,9714.747
37596,15157.664
37597,22014.588
37598,7273.309
37599,7152.068
37600,7584.952
37601,10069.371
37602,8647.669
37603,12836.158
37604,12461.008
37605,3722.6719
37606,5711.6665
37607,9799.46
37608,15516.668
37609,6656.2773
37610,11088.659
37611,6320.1807
37612,11022.199
37613,12118.971
37614,11299.223
37615,10596.773
37616,10781.717
37617,5996.538
37618,8314.298
37619,11478.74
37620,12383.229
37621,11147.788
37622,11095.854
37623,9136.395
37624,6724.7954
37625,15108.88
37626,6695.316
37627,13929.896
37628,7955.6846
37629,6666.9326
37630,11183.399
37631,9053.941
37632,12138.104
37633,1659.2554
37634,5673.6084
37635,6806.5693
37636,12141.241
37637,14003.586
37638,13571.506
37639,8085.232
37640,9134.399
37641,9492.353
37642,8928.379
37643,7721.1494
37644,14682.148
37645,14025.025
37646,17233.135
37647,3107.9102
37648,9114.157
37649,16176.577
37650,12696.417
37651,9101.882
37652,12627.812
37653,10308.469
37654,8707.699
37655,8485.397
37656,8520.936
37657,7759.547
37658,9187.996
37659,8109.9624
37660,6538.618
37661,13427.73
37662,11109.641
37663,37345.023
37664,11149.032
37665,1343.0569
37666,2453.2344
37667,3213.9106
37668,1894.5415
37669,2179.7458
37670,1534.8909
37671,2688.0164
37672,3198.889
37673,1484.0867
37674,1954.1567
37675,2376.2366
37676,2355.1167
37677,2258.5671
37678,1344.168
37679,1288.2134
37680,1882.9299
37681,1771.4048
37682,3612.9663
37683,3053.3193
37684,3587.8083
37685,2318.0608
37686,1616.4144
37687,1619.4552
37688,922.49603
37689,2195.2751
37690,3772.7937
37691,3422.3645
37692,2014.03
37693,2022.2369
37694,1107.5244
37695,2820.9578
37696,4664.687
37697,1364.1582
37698,1614.7671
37699,1979.7416
37700,2617.438
37701,954.7341
37702,2427.2769
37703,1251.521
37704,2195.161
37705,2569.5713
37706,1798.82
37707,2669.9722
37708,2645.8245
37709,2258.7686
37710,2209.4355
37711,2104.904
37712,3495.9453
37713,1274.84
37714,3192.9712
37715,3480.8738
37716,4969.6304
37717,1934.4233
37718,1683.1152
37719,1238.267
37720,1668.8528
37721,2734.5813
37722,1777.2145
37723,3132.2427
37724,2569.4976
37725,1662.7781
37726,2215.472
37727,2132.2185
37728,1660.9014
37729,1123.4269
37730,3722.2883
37731,1710.3215
37732,1985.6506
37733,2907.5598
37734,1758.7921
37735,1715.4137
37736,2043.7604
37737,2407.4827
37738,1662.9265
37739,1856.6432
37740,3107.32
37741,2777.161
37742,2626.319
37743,1832.9438
37744,1940.0704
37745,3361.9504
37746,2003.3422
37747,1693.0483
37748,1398.7349
37749,1458.7804
37750,1683.4099
37751,2591.1572
37752,1230.7408
37753,2237.9414
37754,1341.7526
37755,1120.3309
37756,3212.8806
37757,1416.5452
37758,2063.0154
37759,1718.8202
37760,3080.6584
37761,2934.9868
37762,1980.2025
37763,1366.9524
37764,3179.439
37765,1959.7538
37766,2041.9973
37767,1678.7627
37768,2685.517
37769,2639.9636
37770,2056.8538
37771,1429.5029
37772,2199.1934
37773,2348.4268
37774,2308.2334
37775,2806.279
37776,2444.9011
37777,2091.1438
37778,2626.6685
37779,1818.6859
37780,2305.182
37781,2722.5574
37782,2166.2861
37783,3134.054
37784,1579.9441
37785,2510.7053
37786,1784.5062
37787,2214.952
37788,2077.641
37789,2165.0784
37790,1298.2096
37791,1880.6093
37792,2679.494
37793,1884.3804
37794,1486.4586
37795,2446.3254
37796,2652.5222
37797,1948.2391
37798,1759.1538
37799,1589.3727
37800,3119.346
37801,2139.4253
37802,2343.1372
37803,2643.782
37804,1395.7292
37805,1990.8486
37806,1386.5254
37807,2032.9498
37808,2891.2444
37809,2490.4915
37810,2471.4526
37811,1901.642
37812,3963.0132
37813,2313.2544
37814,1752.9823
37815,4410.0356
37816,2048.4077
37817,2767.0083
37818,2458.6917
37819,1673.5365
37820,1724.1761
37821,2007.96
37822,3780.6582
37823,3651.9243
37824,2421.5496
37825,1132.902
37826,1367.4594
37827,2943.9058
37828,3109.5173
37829,1560.2461
37830,1710.1559
37831,1479.5353
37832,2586.758
37833,945.9075
37834,1381.437
37835,1850.8352
37836,2614.801
37837,2881.135
37838,2054.5107
37839,2648.614
37840,2976.9744
37841,2094.13
37842,1678.1437
37843,2938.025
37844,3545.869
37845,1090.4023
37846,2202.6414
37847,2262.229
37848,2590.0093
37849,1514.7434
37850,3608.3542
37851,1837.6555
37852,3662.5232
37853,2157.0144
37854,2742.058
37855,2749.8633
37856,1507.6783
37857,3098.6792
37858,7657.512
37859,2138.2896
37860,2943.9043
37861,1273.94
37862,2095.1362
37863,3338.782
37864,932.57623
37865,4961.971
37866,5871.1978
37867,1478.917
37868,1680.9989
37869,2573.165
37870,1520.7412
37871,686.8392
37872,2785.1086
37873,2304.0188
37874,1512.0846
37875,1049.2733
37876,1339.4247
37877,1567.5371
37878,3655.8247
37879,2073.0273
37880,1673.4255
37881,2128.8035
37882,952.86285
37883,1429.7765
37884,1062.45
37885,2822.2915
37886,2111.8787
37887,2259.4885
37888,1887.6035
37889,1975.4158
37890,2402.6697
37891,2018.6974
37892,2642.7683
37893,2548.4373
37894,1775.4484
37895,1697.9142
37896,1375.7454
37897,764.512
37898,2324.7207
37899,2040.3176
37900,1688.3713
37901,2229.2744
37902,1569.7482
37903,3630.0635
37904,2285.9304
37905,1796.02
37906,1727.572
37907,1326.3824
37908,3444.591
37909,1819.0131
37910,2405.2476
37911,4312.4834
37912,2544.2734
37913,2230.8787
37914,1655.0878
37915,1489.8088
37916,2129.74
37917,1960.5524
37918,2389.5159
37919,2240.362
37920,1722.9131
37921,7328.447
37922,4480.23
37923,1721.26
37924,1617.1836
37925,1983.0074
37926,2146.683
37927,1966.1565
37928,3853.2227
37929,2539.2415
37930,3683.82
37931,2325.129
37932,2205.0752
37933,1753.6089
37934,3247.975
37935,2554.9348
37936,2178.1326
37937,2322.6912
37938,2627.062
37939,2550.3953
37940,2184.2407
37941,2319.0862
37942,3107.255
37943,1818.9237
37944,4228.2427
37945,2112.9045
37946,1148.9579
37947,1802.1615
37948,2270.7122
37949,1731.4529
37950,1577.4425
37951,2316.8604
37952,2944.0615
37953,1509.4764
37954,2600.5967
37955,2028.2882
37956,1293.4425
37957,4746.3667
37958,6793.3057
37959,2485.988
37960,2514.1174
37961,4656.9736
37962,3355.5776
37963,2986.971
37964,1873.0099
37965,2216.861
37966,1781.3079
37967,2794.537
37968,1125.154
37969,3100.8203
37970,2025.1062
37971,2197.789
37972,2472.673
37973,2635.972
37974,1785.9354
37975,2396.741
37976,1497.7683
37977,1032.9089
37978,2906.5447
37979,2301.727
37980,2736.7305
37981,2950.7087
37982,2083.6453
37983,1889.5209
37984,1979.5414
37985,3188.46
37986,3414.3718
37987,1801.4592
37988,2342.9492
37989,2816.127
37990,1292.3547
37991,3395.9536
37992,949.4477
37993,2209.0205
37994,2875.8337
37995,2440.2007
37996,2037.1002
37997,2329.8699
37998,2778.8333
37999,3516.4082
38000,1894.8054
38001,3669.8044
38002,1163.7195
38003,1252.8267
38004,1397.3552
38005,1288.9033
38006,3492.3254
38007,2048.4136
38008,1517.5576
38009,2380.5186
38010,1860.6211
38011,3093.5784
38012,1740.2018
38013,1837.3802
38014,3710.5642
38015,2059.6562
38016,2614.16
38017,1928.5084
38018,2218.2332
38019,3465.9666
38020,1656.8632
38021,1912.5319
38022,2546.8828
38023,2503.188
38024,4227.936
38025,1835.0184
38026,5351.998
38027,1424.5751
38028,1542.6796
38029,1506.1842
38030,2185.2756
38031,2192.672
38032,2019.4603
38033,2210.3696
38034,1700.3292
38035,1571.0361
38036,2817.4036
38037,1035.5435
38038,2689.7734
38039,2508.0564
38040,3182.3765
38041,4048.1914
38042,1192.1566
38043,2737.711
38044,2448.6326
38045,2516.3083
38046,2255.5942
38047,1641.1495
38048,1888.3547
38049,2624.6958
38050,2699.115
38051,2468.0784
38052,1316.3711
38053,3614.152
38054,1332.2083
38055,2642.6497
38056,1630.6825
38057,3019.4055
38058,2203.6504
38059,2817.3457
38060,3043.4055
38061,1963.0336
38062,1560.6682
38063,2018.8236
38064,1504.6003
38065,1552.2317
38066,2842.6892
38067,2696.7046
38068,3149.5737
38069,2263.0635
38070,2633.9634
38071,2550.3284
38072,1410.5812
38073,2883.676
38074,3531.2156
38075,1237.0845
38076,2616.4941
38077,2969.3206
38078,2055.3293
38079,855.2934
38080,3833.4763
38081,3470.5654
38082,2191.485
38083,2259.6091
38084,869.0917
38085,1905.429
38086,1856.8505
38087,940.6448
38088,1314.9153
38089,438.59216
38090,2066.0933
38091,1752.8928
38092,2129.87
38093,2162.702
38094,1758.6133
38095,1846.5848
38096,762.5503
38097,2634.0088
38098,7586.3486
38099,1640.4332
38100,2020.7257
38101,2192.053
38102,1780.0905
38103,1699.9382
38104,1679.6937
38105,1455.4694
38106,837.23895
38107,1317.9583
38108,1611.5952
38109,3174.632
38110,1736.0901
38111,1845.69
38112,3253.9668
38113,2580.757
38114,2899.26
38115,1764.1581
38116,2836.3423
38117,2202.778
38118,1554.3647
38119,4350.2715
38120,3702.9407
38121,1795.1959
38122,2800.144
38123,1719.405
38124,2154.5452
38125,1363.4358
38126,2760.0269
38127,1748.0739
38128,887.0429
38129,2559.0488
38130,1703.4286
38131,2199.741
38132,2495.154
38133,2482.8984
38134,1546.8175
38135,1445.1407
38136,1864.4181
38137,1152.8522
38138,3282.0247
38139,2781.5718
38140,2159.2927
38141,882.85767
38142,2515.179
38143,2540.4785
38144,1969.9065
38145,1650.9274
38146,2256.7578
38147,2067.4856
38148,1842.4928
38149,1910.0316
38150,2267.4087
38151,1947.6945
38152,1429.7664
38153,2545.7058
38154,2171.3167
38155,1832.0005
38156,2167.6724
38157,1448.4801
38158,3428.1055
38159,2010.8234
38160,1297.2317
38161,2311.861
38162,2665.4304
38163,2642.375
38164,1625.5005
38165,1675.4963
38166,1917.5093
38167,3068.0557
38168,1026.0255
38169,3303.6394
38170,661.6692
38171,1224.9094
38172,1768.8213
38173,1632.5626
38174,1790.3761
38175,1912.4087
38176,3574.3284
38177,1797.2784
38178,3092.5486
38179,2703.9255
38180,2779.0613
38181,1670.6947
38182,1057.9979
38183,2346.4268
38184,2947.5928
38185,2666.206
38186,1288.1224
38187,2223.9812
38188,955.7226
38189,2697.2178
38190,2308.73
38191,2113.599
38192,4350.9233
38193,1126.0077
38194,2625.3345
38195,2364.4746
38196,2270.4026
38197,1607.1952
38198,2422.5732
38199,3686.4602
38200,3130.0623
38201,2246.281
38202,3640.1233
38203,3710.6316
38204,3690.3516
38205,2495.9873
38206,1831.4753
38207,906.9581
38208,1090.874
38209,3211.3638
38210,1975.2103
38211,2638.9097
38212,1445.345
38213,1136.0168
38214,1323.9333
38215,4802.9
38216,1826.5939
38217,1878.994
38218,2986.4211
38219,531.27875
38220,1035.0717
38221,2447.4763
38222,2505.5237
38223,3280.25
38224,2446.3909
38225,2058.497
38226,1666.5707
38227,1509.905
38228,1903.846
38229,3185.821
38230,2917.7422
38231,2796.7615
38232,4386.2607
38233,2642.3723
38234,259.0778
38235,2330.0
38236,2479.642
38237,3524.9858
38238,2024.3247
38239,2393.3296
38240,2494.208
38241,2363.3232
38242,2525.897
38243,2016.2316
38244,1417.6866
38245,1822.7339
38246,1259.0083
38247,1838.0773
38248,2790.8872
38249,8200.377
38250,2029.4226
38251,1296.5249
38252,2672.0793
38253,1751.3689
38254,1836.0483
38255,1691.7605
38256,1685.9596
38257,1886.5006
38258,2172.8699
38259,3431.2136
38260,5479.2593
38261,1598.84
38262,2144.6216
38263,937.2188
38264,2012.6527
38265,1770.9205
38266,2771.7388
38267,1109.2565
38268,1597.5337
38269,1932.9667
38270,1898.8053
38271,2572.2166
38272,2541.087
38273,1065.5406
38274,2118.975
38275,2792.7861
38276,2346.7905
38277,1662.8884
38278,2213.1235
38279,2373.8462
38280,1719.108
38281,2764.189
38282,1315.3357
38283,1789.5101
38284,3414.6357
38285,2251.9377
38286,1612.0643
38287,1967.0825
38288,3325.2507
38289,2654.9375
38290,3215.306
38291,1629.4576
38292,1512.2462
38293,1581.2458
38294,2312.2185
38295,1897.6324
38296,2935.89
38297,1781.4481
38298,524.5693
38299,2957.5415
38300,1644.033
38301,2546.3252
38302,1895.0793
38303,2742.7944
38304,2389.0632
38305,4486.2686
38306,1329.709
38307,1891.2083
38308,2012.1813
38309,1298.7672
38310,1967.9818
38311,4835.215
38312,1222.4037
38313,1747.9263
38314,1593.1013
38315,3155.9468
38316,458.77066
38317,2414.193
38318,2446.5693
38319,1884.0703
38320,1573.2025
38321,3384.2239
38322,1184.8359
38323,1559.9722
38324,2632.4612
38325,1565.8275
38326,2421.5186
38327,1356.4357
38328,2215.831
38329,3041.777
38330,2722.051
38331,815.29034
38332,2179.172
38333,2505.2021
38334,1737.2129
38335,3269.871
38336,1986.3839
38337,2576.9104
38338,1462.5154
38339,939.64984
38340,2695.6846
38341,2481.5012
38342,2590.2354
38343,1071.0524
38344,2534.6633
38345,1523.4436
38346,1877.4788
38347,1825.3925
38348,2080.9573
38349,1467.753
38350,2625.0715
38351,2391.0164
38352,3292.7341
38353,2947.0078
38354,2861.1057
38355,2961.5154
38356,2105.9216
38357,1173.178
38358,2102.8516
38359,2052.1726
38360,1425.0693
38361,3224.1765
38362,2185.3267
38363,2055.9307
38364,3050.437
38365,2768.38
38366,738.53766
38367,162.63193
38368,3232.5474
38369,1587.9469
38370,3979.511
38371,3438.527
38372,2319.1492
38373,1941.9159
38374,1452.6587
38375,1259.6368
38376,2264.6606
38377,2161.058
38378,1550.189
38379,2692.1636
38380,1659.7162
38381,2417.6553
38382,4184.547
38383,1861.572
38384,3122.895
38385,1728.3965
38386,1795.4324
38387,2439.2905
38388,1922.6924
38389,2154.7732
38390,2591.7678
38391,2460.7485
38392,2386.208
38393,1903.886
38394,2128.1892
38395,2160.9941
38396,1900.4656
38397,1399.154
38398,1433.9738
38399,1849.34
38400,10119.503
38401,1943.3423
38402,3885.9011
38403,1828.4257
38404,2365.183
38405,1931.8208
38406,1131.2822
38407,1552.8533
38408,1901.7753
38409,3274.372
38410,4298.028
38411,3680.0654
38412,1548.4812
38413,2829.4182
38414,1457.4542
38415,482.1188
38416,3554.088
38417,3874.39
38418,2699.183
38419,2222.5515
38420,1509.1538
38421,2231.858
38422,3559.15
38423,2934.3794
38424,2230.9148
38425,1883.6857
38426,1568.5427
38427,1743.1683
38428,2051.7869
38429,1707.4214
38430,1940.1389
38431,967.18616
38432,1481.6844
38433,2356.1785
38434,2881.7302
38435,2703.38
38436,2004.608
38437,1979.0399
38438,1717.2194
38439,1897.8253
38440,2779.0718
38441,2226.3293
38442,1817.7638
38443,1518.7478
38444,5747.655
38445,2168.0251
38446,2931.8274
38447,1994.2108
38448,2848.0027
38449,2257.352
38450,1624.7242
38451,1937.9686
38452,3698.175
38453,5286.7583
38454,2312.0078
38455,1683.8276
38456,1659.7036
38457,2671.1924
38458,1768.8273
38459,2676.8113
38460,2856.1833
38461,861.46185
38462,1342.2976
38463,1710.0505
38464,3073.1233
38465,898.89026
38466,2713.887
38467,1445.029
38468,2460.1487
38469,2841.6506
38470,2512.9688
38471,2408.4785
38472,2470.6746
38473,1362.0358
38474,1646.6361
38475,3393.2625
38476,2577.82
38477,2475.5056
38478,2242.6663
38479,2232.6694
38480,1298.8268
38481,4134.5493
38482,2135.364
38483,2913.8633
38484,1592.1141
38485,1503.6724
38486,2252.6199
38487,2121.8643
38488,1477.5465
38489,379.21332
38490,1694.8103
38491,1215.5393
38492,3983.5713
38493,1682.7932
38494,3244.1384
38495,1886.8805
38496,2390.5466
38497,1933.5726
38498,1800.2898
38499,1784.0083
38500,3012.437
38501,2738.6213
38502,4163.6113
38503,743.97015
38504,2799.0156
38505,2918.0637
38506,2874.18
38507,2818.1064
38508,2625.565
38509,2481.7295
38510,2132.372
38511,1865.2758
38512,2065.2202
38513,2054.4775
38514,1722.1044
38515,1980.9263
38516,1583.8494
38517,2749.6338
38518,2029.4758
38519,9831.852
38520,2147.8755
38521,8552.454
38522,15669.248
38523,22869.79
38524,13737.821
38525,16245.038
38526,10732.716
38527,17315.295
38528,18795.445
38529,14764.167
38530,12906.61
38531,16163.639
38532,16405.86
38533,16918.39
38534,8700.203
38535,15188.125
38536,10381.185
38537,13305.157
38538,24710.277
38539,24426.879
38540,21666.033
38541,18731.559
38542,9050.582
38543,11946.224
38544,10012.047
38545,15260.318
38546,27567.422
38547,21496.947
38548,14055.181
38549,11722.811
38550,6288.755
38551,15515.824
38552,22940.764
38553,15317.39
38554,12179.154
38555,12918.531
38556,14387.224
38557,5938.729
38558,16506.73
38559,9149.824
38560,16437.043
38561,17725.719
38562,12507.11
38563,18821.15
38564,18881.002
38565,15122.114
38566,14331.949
38567,17730.504
38568,22521.717
38569,13926.682
38570,21252.732
38571,15330.207
38572,24140.076
38573,5835.3545
38574,19732.195
38575,11386.103
38576,11175.5625
38577,5765.307
38578,12222.676
38579,21216.541
38580,16761.846
38581,11467.831
38582,14657.523
38583,14280.973
38584,18635.799
38585,7632.785
38586,26997.459
38587,11379.437
38588,13357.618
38589,19146.295
38590,13074.239
38591,21569.299
38592,15955.246
38593,20010.86
38594,10214.309
38595,12441.77
38596,18502.568
38597,18845.703
38598,14039.626
38599,13041.672
38600,13367.036
38601,24552.16
38602,12893.311
38603,12583.124
38604,14655.287
38605,9872.992
38606,11810.436
38607,15971.811
38608,8037.676
38609,16395.584
38610,8952.87
38611,14830.257
38612,22374.295
38613,8575.529
38614,13798.291
38615,11477.197
38616,19259.861
38617,19386.727
38618,10100.083
38619,8783.908
38620,15149.209
38621,11481.193
38622,13660.019
38623,11083.901
38624,16410.727
38625,11889.605
38626,13933.922
38627,9258.557
38628,14812.149
38629,14168.519
38630,17830.096
38631,17979.152
38632,17201.656
38633,13226.877
38634,19161.328
38635,12079.24
38636,14804.297
38637,19316.336
38638,14345.063
38639,20674.164
38640,15892.099
38641,17761.002
38642,12579.296
38643,14752.049
38644,19757.713
38645,15846.558
38646,9799.965
38647,11213.84
38648,18610.756
38649,12395.554
38650,10326.289
38651,17051.53
38652,11355.953
38653,11671.236
38654,11334.453
38655,10902.59
38656,16296.853
38657,14845.923
38658,16023.167
38659,14105.432
38660,9603.286
38661,13792.87
38662,8953.126
38663,13953.857
38664,13254.912
38665,16782.768
38666,16066.473
38667,12344.269
38668,26190.697
38669,11691.446
38670,10789.875
38671,21715.352
38672,13601.737
38673,18854.045
38674,16071.515
38675,10256.912
38676,12203.944
38677,12911.276
38678,18266.81
38679,24751.318
38680,16305.108
38681,7113.7646
38682,10221.198
38683,19090.463
38684,20367.82
38685,9765.712
38686,8806.591
38687,9764.967
38688,10108.304
38689,6457.229
38690,9207.437
38691,12921.391
38692,16068.526
38693,13935.025
38694,13234.789
38695,15181.072
38696,19173.887
38697,15453.974
38698,11479.518
38699,18259.6
38700,24765.77
38701,14285.087
38702,11633.539
38703,11492.828
38704,13328.222
38705,7819.138
38706,17327.998
38707,10715.236
38708,17539.291
38709,14855.781
38710,17045.205
38711,16919.213
38712,11236.451
38713,20820.627
38714,38749.445
38715,24888.54
38716,13831.494
38717,7993.0674
38718,14380.117
38719,15896.024
38720,13169.954
38721,20628.725
38722,37007.67
38723,9335.515
38724,11224.059
38725,18156.24
38726,10446.759
38727,16079.441
38728,19006.658
38729,16942.691
38730,9135.993
38731,6720.9414
38732,15380.542
38733,11059.487
38734,23621.273
38735,13656.892
38736,12483.276
38737,15297.098
38738,4953.176
38739,10847.244
38740,6718.1724
38741,13991.812
38742,14110.343
38743,15383.579
38744,12460.366
38745,11555.754
38746,16351.983
38747,14923.49
38748,19158.387
38749,19756.168
38750,10760.893
38751,10904.254
38752,9229.479
38753,4917.112
38754,12696.817
38755,14701.415
38756,10894.763
38757,16646.012
38758,18166.459
38759,24193.062
38760,14630.498
38761,13205.688
38762,11977.266
38763,9907.583
38764,22398.422
38765,12384.693
38766,15144.153
38767,28870.93
38768,18035.482
38769,13216.852
38770,11385.158
38771,10037.316
38772,14990.993
38773,9460.132
38774,10938.127
38775,14980.731
38776,11211.358
38777,32111.047
38778,28799.264
38779,11262.018
38780,17234.746
38781,12168.031
38782,13926.217
38783,11721.7705
38784,23552.348
38785,15453.561
38786,22290.506
38787,10083.499
38788,13885.209
38789,11216.46
38790,19785.506
38791,17693.408
38792,15633.08
38793,14906.363
38794,11256.273
38795,19850.129
38796,16296.682
38797,15602.798
38798,24047.77
38799,12727.395
38800,22883.098
38801,12051.875
38802,12619.407
38803,13826.205
38804,27650.31
38805,12996.536
38806,17537.953
38807,15026.723
38808,20357.896
38809,9905.476
38810,19494.914
38811,14082.164
38812,8996.011
38813,32535.277
38814,34131.113
38815,16426.12
38816,16917.52
38817,19179.373
38818,22442.77
38819,21099.443
38820,12578.504
38821,15657.417
38822,13019.327
38823,18072.33
38824,7684.093
38825,12169.726
38826,13939.691
38827,14962.968
38828,15290.548
38829,12481.942
38830,11966.602
38831,15888.234
38832,10555.9
38833,11196.868
38834,9423.174
38835,13212.353
38836,19628.307
38837,21193.426
38838,14292.827
38839,12179.77
38840,13904.915
38841,22108.934
38842,15932.209
38843,11203.214
38844,9860.617
38845,18981.678
38846,8456.336
38847,17036.299
38848,7060.316
38849,10468.962
38850,17969.654
38851,10855.255
38852,13045.105
38853,15778.527
38854,19500.791
38855,24355.115
38856,13611.029
38857,21564.65
38858,5888.4546
38859,13701.812
38860,12480.443
38861,10094.122
38862,15630.844
38863,13205.751
38864,10696.193
38865,16445.07
38866,23252.316
38867,19024.666
38868,13134.981
38869,12526.987
38870,24298.738
38871,14472.536
38872,12064.376
38873,12559.923
38874,14707.6
38875,20598.254
38876,11167.485
38877,12725.634
38878,17036.688
38879,17228.434
38880,26296.846
38881,13816.925
38882,24388.773
38883,15279.571
38884,11483.384
38885,6767.9272
38886,13091.421
38887,12861.722
38888,14126.138
38889,14882.782
38890,11182.162
38891,10770.35
38892,17246.271
38893,7428.91
38894,17614.443
38895,16362.778
38896,20256.41
38897,21052.188
38898,13394.437
38899,17829.756
38900,10762.566
38901,11720.061
38902,13745.725
38903,11201.119
38904,22302.01
38905,13578.304
38906,11889.945
38907,17894.576
38908,19983.207
38909,17625.635
38910,15512.6875
38911,17911.291
38912,10994.659
38913,12014.094
38914,14384.082
38915,17670.473
38916,13686.948
38917,13558.556
38918,13939.585
38919,14336.379
38920,10118.645
38921,9829.864
38922,20196.668
38923,18622.457
38924,22732.855
38925,24205.848
38926,17542.453
38927,16642.074
38928,9268.682
38929,18452.045
38930,24129.855
38931,16399.258
38932,17786.057
38933,19439.18
38934,13586.607
38935,5928.9824
38936,23544.824
38937,16914.05
38938,16729.297
38939,15351.203
38940,7306.2876
38941,12388.001
38942,13077.719
38943,6879.462
38944,8632.58
38945,8918.753
38946,14475.601
38947,20262.98
38948,15711.328
38949,10462.893
38950,11911.738
38951,8443.4
38952,5305.7734
38953,15779.551
38954,34417.62
38955,9712.163
38956,13260.69
38957,14896.344
38958,11914.784
38959,11109.238
38960,11149.766
38961,8183.9995
38962,5326.0913
38963,15604.763
38964,10430.431
38965,21253.441
38966,12989.906
38967,11985.219
38968,23094.098
38969,18492.9
38970,18851.53
38971,12395.601
38972,13453.612
38973,10138.042
38974,11284.898
38975,27992.697
38976,25424.21
38977,12767.174
38978,13743.732
38979,11416.866
38980,13541.794
38981,9205.741
38982,18001.766
38983,10568.23
38984,5703.4946
38985,16779.008
38986,11469.964
38987,14228.739
38988,16641.979
38989,17103.111
38990,17771.71
38991,9633.826
38992,12006.454
38993,16258.445
38994,18119.55
38995,18038.889
38996,14599.651
38997,10510.571
38998,16507.393
38999,16277.28
39000,9358.927
39001,14773.013
39002,15763.802
39003,13411.271
39004,13516.361
39005,13360.167
39006,9290.188
39007,12893.016
39008,9839.094
39009,15677.725
39010,15905.169
39011,21468.182
39012,13437.608
39013,9369.93
39014,23163.25
39015,12634.569
39016,8062.999
39017,17064.041
39018,17798.104
39019,18075.555
39020,10998.383
39021,12061.765
39022,12041.442
39023,14511.25
39024,14395.788
39025,20888.252
39026,4446.854
39027,12218.352
39028,14949.702
39029,11545.52
39030,11484.194
39031,14943.444
39032,17872.607
39033,10438.024
39034,18641.346
39035,19208.188
39036,21136.383
39037,10292.573
39038,11707.737
39039,15493.333
39040,19676.326
39041,17980.678
39042,8687.508
39043,14229.92
39044,16127.159
39045,17385.523
39046,9625.34
39047,9531.682
39048,21025.06
39049,14164.79
39050,17887.682
39051,14935.294
39052,11060.922
39053,18384.82
39054,16343.174
39055,16956.854
39056,19397.436
39057,14839.736
39058,18842.11
39059,23661.227
39060,14388.074
39061,11623.734
39062,12209.079
39063,11065.564
39064,7079.089
39065,23191.434
39066,13253.37
39067,18264.807
39068,9859.592
39069,11926.768
39070,15492.476
39071,20512.525
39072,12124.717
39073,11827.614
39074,14686.14
39075,10658.687
39076,11843.926
39077,16763.3
39078,16196.708
39079,15977.174
39080,17365.455
39081,14315.311
39082,11831.631
39083,10007.855
39084,11942.931
39085,21797.104
39086,18907.652
39087,19861.756
39088,27523.55
39089,11831.371
39090,1938.3395
39091,14121.315
39092,17861.855
39093,24945.738
39094,14142.247
39095,16235.559
39096,17402.775
39097,15273.408
39098,14005.71
39099,12741.106
39100,9006.6045
39101,12512.182
39102,8547.194
39103,12878.108
39104,19503.934
39105,34264.02
39106,13449.006
39107,9481.504
39108,16255.282
39109,10231.216
39110,13426.027
39111,9691.768
39112,19137.86
39113,13353.517
39114,13656.332
39115,24132.594
39116,22611.787
39117,11538.991
39118,14236.49
39119,7129.6255
39120,9387.955
39121,12050.691
39122,20357.643
39123,6292.325
39124,10228.522
39125,12218.025
39126,12812.2705
39127,16681.244
39128,17703.484
39129,6880.577
39130,14723.486
39131,18678.932
39132,13735.254
39133,11866.506
39134,10014.339
39135,16593.703
39136,10973.927
39137,18486.518
39138,9228.985
39139,12193.647
39140,16385.094
39141,13426.22
39142,10682.46
39143,13583.757
39144,14098.075
39145,17809.904
39146,22169.787
39147,11997.594
39148,10269.96
39149,10835.022
39150,15011.84
39151,9759.669
39152,15771.501
39153,12790.465
39154,3345.286
39155,19638.924
39156,11939.207
39157,16264.292
39158,10645.926
39159,17089.74
39160,10746.35
39161,28220.46
39162,14309.195
39163,13551.704
39164,13272.547
39165,10160.596
39166,13475.636
39167,31102.143
39168,8338.393
39169,6275.399
39170,22361.133
39171,12799.605
39172,3380.191
39173,17029.312
39174,14151.07
39175,11993.956
39176,10931.171
39177,21592.516
39178,14381.435
39179,10360.67
39180,15845.363
39181,10420.567
39182,15416.42
39183,9709.338
39184,10265.485
39185,20340.836
39186,17885.62
39187,10764.773
39188,15002.665
39189,16291.383
39190,12462.993
39191,20482.107
39192,14190.914
39193,15259.153
39194,10154.561
39195,5453.803
39196,18128.09
39197,9840.699
39198,17099.832
39199,6227.69
39200,16684.459
39201,10312.51
39202,13280.068
39203,12969.79
39204,14368.656
39205,17423.02
39206,17330.379
39207,17380.582
39208,15719.527
39209,8179.9805
39210,19490.193
39211,19479.916
39212,13804.662
39213,8121.0933
39214,13691.4
39215,14319.898
39216,9399.566
39217,23003.27
39218,14965.58
39219,14343.408
39220,21013.613
39221,11371.658
39222,10905.896
39223,2079.55
39224,20944.766
39225,10782.066
39226,16930.223
39227,19316.482
39228,12116.394
39229,10075.664
39230,8852.353
39231,14423.013
39232,13941.286
39233,14583.3
39234,9525.492
39235,15831.738
39236,14286.886
39237,12598.362
39238,20194.088
39239,12952.99
39240,15652.46
39241,11630.732
39242,11772.21
39243,17459.215
39244,12747.342
39245,13756.741
39246,16596.805
39247,18476.98
39248,11664.814
39249,12750.248
39250,15953.663
39251,14798.424
39252,11519.045
39253,8298.453
39254,8963.396
39255,15546.561
39256,12395.802
39257,14194.108
39258,19350.3
39259,12925.335
39260,15549.793
39261,12565.974
39262,7998.0474
39263,18481.0
39264,13255.279
39265,15833.821
39266,17219.531
39267,18508.834
39268,10077.961
39269,18653.262
39270,9003.659
39271,6640.5566
39272,19025.248
39273,18708.44
39274,19562.56
39275,15289.017
39276,12065.032
39277,15331.318
39278,18960.037
39279,9222.122
39280,12681.773
39281,11840.685
39282,10515.244
39283,11834.035
39284,10084.191
39285,12062.822
39286,12216.685
39287,17538.322
39288,9217.84
39289,15277.618
39290,16836.7
39291,14559.743
39292,13655.941
39293,14873.715
39294,12091.85
39295,10568.845
39296,22921.736
39297,15404.222
39298,13387.31
39299,9749.202
39300,22365.334
39301,16213.508
39302,16936.893
39303,21445.979
39304,17049.025
39305,16190.206
39306,12932.499
39307,4321.8027
39308,25320.62
39309,34896.977
39310,10650.028
39311,12037.71
39312,11568.833
39313,12959.279
39314,12459.178
39315,15145.41
39316,20453.432
39317,5166.1646
39318,9137.98
39319,12295.235
39320,22010.893
39321,10778.52
39322,18209.08
39323,9232.771
39324,17786.717
39325,15709.9795
39326,16960.379
39327,14531.887
39328,15876.465
39329,9270.246
39330,11734.601
39331,16351.344
39332,16837.936
39333,16776.031
39334,15244.68
39335,11905.253
39336,9508.555
39337,19946.115
39338,9656.521
39339,17562.727
39340,11304.3
39341,9814.838
39342,15990.878
39343,13180.334
39344,18730.63
39345,2489.8274
39346,8077.0156
39347,10915.064
39348,19188.705
39349,19649.36
39350,21336.547
39351,11559.767
39352,12651.077
39353,13590.586
39354,13023.412
39355,11423.38
39356,21276.277
39357,18364.264
39358,26306.227
39359,4735.983
39360,13901.335
39361,17370.191
39362,19836.275
39363,14939.867
39364,20295.957
39365,16241.738
39366,14040.175
39367,10430.739
39368,12926.099
39369,13244.9795
39370,15777.082
39371,11027.499
39372,10916.282
39373,21112.064
39374,12737.34
39375,49801.844
39376,15429.938
39377,0.22548209
39378,0.0
39379,0.29843822
39380,0.09842024
39381,0.078061536
39382,0.0
39383,0.40746167
39384,0.18877354
39385,0.0
39386,0.0
39387,0.11578033
39388,0.07072468
39389,0.07485713
39390,0.07923489
39391,0.14821666
39392,0.01606861
39393,0.083338894
39394,0.08842033
39395,0.30829775
39396,0.03239357
39397,0.18952793
39398,0.011073652
39399,0.16797048
39400,0.0
39401,0.16955945
39402,0.2044506
39403,0.04776541
39404,0.17354222
39405,0.0
39406,0.0
39407,0.12149706
39408,0.08053128
39409,0.1018964
39410,0.035367817
39411,0.12287362
39412,0.0
39413,0.06081172
39414,0.1498924
39415,0.07080499
39416,0.003941271
39417,0.128124
39418,0.17706926
39419,0.2658558
39420,0.19480827
39421,0.107345805
39422,0.0
39423,0.11977552
39424,0.17462924
39425,0.26406327
39426,0.059935287
39427,0.1532762
39428,0.34149396
39429,0.29835883
39430,0.0
39431,0.0
39432,0.0
39433,0.02459853
39434,0.21337815
39435,0.13007404
39436,0.23621121
39437,0.03334767
39438,0.06948104
39439,0.0
39440,0.055500396
39441,0.017655123
39442,0.16237713
39443,0.13719626
39444,0.0
39445,0.049815882
39446,0.0
39447,0.0
39448,0.0
39449,0.16036597
39450,0.22185507
39451,0.1772815
39452,0.054053593
39453,0.12870306
39454,0.058581512
39455,0.0
39456,0.0
39457,0.10074141
39458,0.0
39459,0.0850012
39460,0.17471823
39461,0.0
39462,0.10775838
39463,0.24397996
39464,0.0
39465,0.16822302
39466,0.012286571
39467,0.051854435
39468,4134.36
39469,0.045981184
39470,0.029770099
39471,0.036067795
39472,0.37813586
39473,0.35545242
39474,0.15741616
39475,0.05505931
39476,0.17227826
39477,0.2549667
39478,0.0
39479,0.0
39480,0.0
39481,0.15605554
39482,0.137833
39483,0.0
39484,0.0722118
39485,0.033447243
39486,0.056550287
39487,0.118867144
39488,0.05237422
39489,0.06472038
39490,0.11720862
39491,0.0
39492,0.0
39493,0.13911325
39494,0.11104232
39495,0.04788699
39496,0.014766205
39497,0.018390447
39498,0.054461356
39499,0.024545556
39500,0.08795983
39501,0.022661012
39502,0.0
39503,0.1464222
39504,0.0
39505,0.0
39506,0.02533008
39507,0.0072256373
39508,0.016718104
39509,0.0
39510,0.07848461
39511,0.009957559
39512,0.038542844
39513,0.10525414
39514,0.0
39515,0.27756888
39516,0.111529976
39517,0.19515623
39518,0.24020858
39519,0.12826934
39520,0.23068821
39521,0.051499546
39522,0.23974565
39523,0.0
39524,0.17423269
39525,0.06406898
39526,0.14298081
39527,0.0
39528,0.13273098
39529,0.23109673
39530,0.007404506
39531,0.14843167
39532,0.108545184
39533,0.024447355
39534,0.08205186
39535,0.15385202
39536,402.21704
39537,0.16596898
39538,0.06330907
39539,0.19391085
39540,0.6504475
39541,0.0
39542,0.0
39543,0.09239614
39544,0.052635565
39545,0.0
39546,0.0
39547,0.1561478
39548,0.17035569
39549,0.0
39550,0.028137054
39551,0.13867971
39552,0.19035381
39553,0.108564876
39554,0.0808787
39555,0.072095685
39556,0.1038265
39557,0.24096902
39558,0.003414265
39559,0.11297609
39560,0.14456223
39561,0.15052441
39562,0.034482524
39563,0.1578079
39564,0.1681877
39565,0.14547326
39566,0.0
39567,0.12606466
39568,0.21845095
39569,0.3272238
39570,0.100732036
39571,0.34253898
39572,0.04504199
39573,0.10657497
39574,0.11419172
39575,0.057201874
39576,0.07909085
39577,21782.867
39578,27775.404
39579,0.53388166
39580,0.2815457
39581,0.14372803
39582,0.0
39583,0.0
39584,0.0
39585,0.07976793
39586,7621.7056
39587,0.10845294
39588,0.049436513
39589,0.04903312
39590,0.14625402
39591,0.039228234
39592,0.9916743
39593,0.038177513
39594,0.06638056
39595,0.0
39596,0.1161727
39597,0.11353256
39598,0.20368166
39599,0.016084759
39600,0.018712215
39601,0.0
39602,0.012237194
39603,0.004517798
39604,0.20148097
39605,2997.2385
39606,0.0
39607,0.036794923
39608,0.25465986
39609,0.06295472
39610,0.13348678
39611,0.101712294
39612,0.056267276
39613,0.2087722
39614,0.10869974
39615,1159.9982
39616,0.0
39617,0.18525212
39618,0.0
39619,0.32006165
39620,0.107820906
39621,0.55423474
39622,0.015916498
39623,0.19608477
39624,0.13881156
39625,0.03107659
39626,0.28982708
39627,0.0
39628,0.0
39629,0.025249213
39630,0.106848136
39631,0.25709024
39632,0.021625321
39633,7981.3354
39634,0.0
39635,0.15771976
39636,0.0
39637,0.20086816
39638,0.048245143
39639,0.0
39640,0.10422462
39641,0.20521379
39642,0.124598116
39643,0.0
39644,0.0827225
39645,0.18507227
39646,0.0
39647,0.3219433
39648,0.0
39649,0.17375271
39650,9836.438
39651,0.11819486
39652,0.1540383
39653,0.12238407
39654,0.07107196
39655,0.049454797
39656,0.017365027
39657,0.050332572
39658,0.1339447
39659,0.1773822
39660,0.25289133
39661,0.1076144
39662,0.14863864
39663,0.19309701
39664,0.08837059
39665,0.09369912
39666,0.0
39667,0.122818604
39668,0.16213202
39669,0.21239275
39670,0.14159408
39671,0.062507674
39672,0.40786123
39673,0.23344864
39674,0.03388417
39675,0.5091084
39676,0.06736201
39677,0.0
39678,0.0923417
39679,0.17625648
39680,0.0
39681,0.0
39682,0.13984169
39683,0.0
39684,0.00885652
39685,0.024524411
39686,0.0
39687,0.15009308
39688,0.0
39689,0.15793593
39690,0.1644828
39691,0.06512051
39692,0.19321376
39693,0.17228861
39694,0.055498023
39695,0.18349965
39696,0.13971955
39697,0.14004241
39698,0.061834242
39699,0.0
39700,0.060416143
39701,0.29501203
39702,0.0
39703,0.22804761
39704,0.13381845
39705,0.0
39706,0.12871592
39707,0.26345068
39708,0.0060403394
39709,0.14686127
39710,0.06217567
39711,0.32921705
39712,532.9263
39713,0.014734945
39714,0.0
39715,0.25628832
39716,0.13853858
39717,0.100231946
39718,0.028655952
39719,0.0
39720,0.05571931
39721,0.0
39722,0.15761207
39723,0.18652654
39724,0.2067801
39725,0.0083867
39726,6948.302
39727,0.101334386
39728,0.0
39729,0.095162846
39730,0.19830161
39731,0.0
39732,0.11743063
39733,0.0
39734,0.17771386
39735,0.02470223
39736,0.18696511
39737,0.17036933
39738,0.07629587
39739,0.058845848
39740,0.19559476
39741,0.0
39742,0.0
39743,0.14242993
39744,0.10750477
39745,0.44758475
39746,0.09599551
39747,0.3173027
39748,0.2744186
39749,0.0
39750,0.06461965
39751,0.09397159
39752,0.08463242
39753,0.18031016
39754,0.2025374
39755,0.18802999
39756,0.057378825
39757,0.13169967
39758,0.17669643
39759,0.024457615
39760,0.033466425
39761,0.13134281
39762,0.00457985
39763,0.0
39764,0.07295579
39765,0.10698484
39766,0.09722218
39767,0.14746007
39768,0.0
39769,11478.664
39770,0.3198097
39771,0.10250956
39772,0.04209585
39773,0.2720996
39774,0.091983184
39775,0.09630655
39776,0.07094445
39777,0.17519864
39778,0.116332844
39779,1292.7742
39780,0.10656867
39781,0.07334214
39782,0.3351725
39783,5060.8516
39784,0.015664682
39785,0.0
39786,0.08986261
39787,0.0034144507
39788,0.015084611
39789,0.0
39790,0.0
39791,0.0
39792,0.13126193
39793,0.16457029
39794,0.0
39795,0.07802867
39796,0.0
39797,0.0
39798,0.11496818
39799,0.24247606
39800,0.04511424
39801,0.0
39802,0.12634403
39803,0.07704551
39804,0.061278496
39805,0.3128813
39806,0.037642486
39807,0.0
39808,0.1260564
39809,0.056793135
39810,28070.895
39811,0.07388675
39812,0.14286458
39813,0.0
39814,0.0
39815,0.02921686
39816,0.18536542
39817,0.0
39818,0.08980604
39819,0.013782372
39820,0.0
39821,0.0684085
39822,0.0
39823,0.074544206
39824,1088.9103
39825,0.119062655
39826,0.0
39827,0.0
39828,0.0
39829,0.22479478
39830,0.09349511
39831,0.0
39832,0.24954882
39833,0.09482125
39834,0.2330422
39835,0.0
39836,0.0
39837,0.0
39838,0.0037201352
39839,0.0
39840,0.0
39841,0.13998094
39842,0.19905329
39843,0.15664457
39844,0.012186587
39845,0.1168041
39846,0.23194246
39847,0.018718498
39848,0.0
39849,0.07441945
39850,0.20718582
39851,0.025787916
39852,0.19369367
39853,0.0
39854,0.32307395
39855,0.0
39856,0.008179887
39857,0.0
39858,0.042393062
39859,0.0
39860,0.10183068
39861,0.10232469
39862,0.0
39863,0.15831183
39864,0.012959875
39865,0.24160028
39866,0.13185643
39867,0.19647881
39868,0.13328807
39869,0.0
39870,0.1639507
39871,0.0
39872,0.13485864
39873,0.0
39874,0.13650827
39875,0.052134223
39876,0.0
39877,0.045053422
39878,0.048249118
39879,0.0
39880,0.12185504
39881,0.23479082
39882,0.0
39883,0.13807976
39884,0.047227297
39885,0.15331982
39886,0.007920042
39887,0.18774723
39888,0.18331786
39889,0.0007605595
39890,0.02514773
39891,0.23482938
39892,0.15662448
39893,0.13462909
39894,0.0038261686
39895,0.056063835
39896,0.045996483
39897,0.0
39898,0.0
39899,16162.328
39900,0.0
39901,0.07225045
39902,0.03197747
39903,0.1486496
39904,0.1405107
39905,0.0
39906,0.16311392
39907,0.11371146
39908,0.0
39909,0.09315424
39910,0.0
39911,0.13898301
39912,0.45195895
39913,0.0
39914,0.0
39915,0.15734422
39916,0.21851681
39917,0.22129434
39918,0.17780437
39919,0.0
39920,0.0
39921,0.16582328
39922,0.07039925
39923,0.0
39924,0.11880081
39925,0.2475735
39926,0.0
39927,0.04423219
39928,0.0110682985
39929,0.117568195
39930,0.060825873
39931,0.17470963
39932,0.0
39933,0.145534
39934,0.023930978
39935,0.0
39936,0.18944557
39937,0.09178498
39938,0.1517164
39939,0.0
39940,0.11144851
39941,0.29872996
39942,0.0
39943,3990.105
39944,17725.111
39945,0.0014660275
39946,0.15346345
39947,0.0
39948,0.10671929
39949,0.17332281
39950,0.1232205
39951,0.17887643
39952,0.08743502
39953,0.34344104
39954,0.17802481
39955,0.11808274
39956,0.0
39957,0.09627093
39958,0.004411286
39959,0.0
39960,0.0638776
39961,0.0
39962,0.03189957
39963,0.028764745
39964,0.0
39965,0.17122188
39966,0.0
39967,0.1031889
39968,0.12614384
39969,0.10858263
39970,0.003419758
39971,0.064416505
39972,3977.7083
39973,0.030813726
39974,0.09855188
39975,0.13318135
39976,0.0
39977,0.09679673
39978,0.20492697
39979,0.012029327
39980,0.09059146
39981,0.0
39982,0.14181723
39983,0.0949577
39984,0.17447652
39985,0.0
39986,0.13959943
39987,0.14197633
39988,0.18089446
39989,0.06304983
39990,0.13860947
39991,0.08152934
39992,0.034875937
39993,0.075486876
39994,0.014773594
39995,0.111815654
39996,0.0
39997,0.38018322
39998,0.23249452
39999,0.10857221
40000,0.12666014
40001,0.0
40002,0.032418605
40003,0.14437933
40004,0.097761415
40005,0.023463313
40006,0.0
40007,0.05244151
40008,0.25095296
40009,0.002773148
40010,0.02743408
40011,0.09703586
40012,0.0
40013,0.059613217
40014,0.08525274
40015,0.021016832
40016,0.0
40017,0.054595586
40018,0.16012366
40019,0.11839297
40020,0.0
40021,0.24321246
40022,0.0
40023,0.051651806
40024,0.0
40025,0.1609949
40026,0.1235776
40027,0.06667592
40028,0.10867401
40029,0.17780603
40030,0.1867478
40031,0.0
40032,0.15331163
40033,0.044965055
40034,0.0
40035,0.08992047
40036,0.15548621
40037,0.08861699
40038,0.14512222
40039,0.2816432
40040,0.21063262
40041,0.13508745
40042,305.69797
40043,0.0
40044,0.17217495
40045,0.35999337
40046,811.50446
40047,0.30445194
40048,0.273764
40049,0.412481
40050,0.0
40051,0.21231656
40052,29.457188
40053,0.11587717
40054,0.047477517
40055,0.0
40056,0.11103514
40057,0.0
40058,0.08896956
40059,0.18146203
40060,0.019235207
40061,0.10292902
40062,0.15709305
40063,0.02603359
40064,0.026255446
40065,0.0
40066,0.10916581
40067,0.05846171
40068,0.17104937
40069,0.1796728
40070,0.024049267
40071,0.06786478
40072,0.09360129
40073,0.30477855
40074,0.18523611
40075,0.0
40076,0.047136147
40077,0.0
40078,0.17091359
40079,0.0
40080,0.09222302
40081,0.12187139
40082,0.017051063
40083,0.22214387
40084,0.2964591
40085,0.0
40086,0.045247678
40087,0.0
40088,0.2868615
40089,0.06831629
40090,0.0
40091,0.3187618
40092,0.012241792
40093,0.16983074
40094,0.15289225
40095,0.33209538
40096,0.0
40097,1307.6111
40098,0.0
40099,0.05346223
40100,0.25921017
40101,0.04019117
40102,0.23794787
40103,0.0
40104,0.058466066
40105,0.4386465
40106,0.3120772
40107,0.15866138
40108,0.2750498
40109,0.19903839
40110,0.4250705
40111,0.0
40112,11655.462
40113,0.0
40114,0.07373826
40115,0.26256937
40116,0.044826414
40117,0.04821153
40118,0.0
40119,0.28791457
40120,0.07592157
40121,0.059172038
40122,0.0
40123,0.083005555
40124,0.024830233
40125,0.59760594
40126,0.067201205
40127,0.0
40128,0.16410066
40129,0.110019945
40130,0.054983404
40131,0.020397605
40132,0.0
40133,0.0
40134,0.000905574
40135,0.27138397
40136,0.10441499
40137,0.016283493
40138,0.024631813
40139,0.017042438
40140,0.11542547
40141,0.0
40142,0.0
40143,0.15679157
40144,0.0
40145,0.0
40146,0.0
40147,0.122339204
40148,0.032429416
40149,0.3432854
40150,0.027588202
40151,0.018495196
40152,0.101970114
40153,0.0
40154,0.085581735
40155,0.15464894
40156,0.0
40157,0.17300314
40158,0.12633298
40159,0.106428586
40160,0.11572787
40161,0.10942324
40162,0.21792184
40163,0.013903833
40164,0.33493128
40165,0.0959879
40166,0.0
40167,0.114857376
40168,0.1295674
40169,0.004651172
40170,0.023109699
40171,0.0
40172,0.025590094
40173,0.06661041
40174,0.03277518
40175,0.15077245
40176,3769.207
40177,0.0
40178,0.0
40179,0.060104292
40180,0.28270227
40181,0.058819003
40182,0.0
40183,0.11239667
40184,0.0
40185,0.10611541
40186,0.116793916
40187,0.0
40188,0.13529767
40189,0.018492399
40190,0.105699725
40191,0.08415494
40192,0.036069594
40193,0.050559275
40194,0.0047676046
40195,0.0
40196,0.017742436
40197,0.04700818
40198,0.08027177
40199,0.10827258
40200,0.0
40201,0.27589312
40202,0.05674711
40203,0.0
40204,0.1549583
40205,0.0
40206,0.38492888
40207,0.20220767
40208,0.0
40209,0.0
40210,0.081956536
40211,0.0
40212,0.061153747
40213,0.10916525
40214,0.0
40215,0.09042605
40216,0.10439078
40217,14150.882
40218,778.1701
40219,0.041651696
40220,0.0263155
40221,0.1500851
40222,0.36699474
40223,0.17874162
40224,0.21198986
40225,0.0
40226,0.06510469
40227,0.081538185
40228,0.005348573
40229,0.033582207
40230,0.121827476
40231,0.13098437
40232,0.5689167
40233,5948.9795
40234,5673.652
40235,8832.837
40236,4569.774
40237,7828.3765
40238,4212.3286
40239,6030.96
40240,6275.4946
40241,1229.2446
40242,3742.3616
40243,5854.896
40244,3477.694
40245,2043.5869
40246,5897.2627
40247,3167.6047
40248,7264.331
40249,7182.783
40250,2819.9688
40251,8467.861
40252,9102.021
40253,3368.2168
40254,1649.086
40255,7422.982
40256,1055.0217
40257,10971.907
40258,3116.1277
40259,8934.266
40260,8135.405
40261,4055.686
40262,1829.4894
40263,9994.281
40264,2440.289
40265,1315.0746
40266,4675.374
40267,5230.2954
40268,6476.5293
40269,3659.01
40270,3971.7632
40271,4568.1133
40272,6088.9697
40273,4777.322
40274,4887.563
40275,5993.353
40276,6955.4165
40277,5344.0503
40278,1916.5499
40279,5569.618
40280,6295.2124
40281,2057.8362
40282,7372.7427
40283,2975.4143
40284,12713.66
40285,2438.7915
40286,6929.9546
40287,2716.2803
40288,4219.093
40289,2502.4502
40290,7554.5415
40291,10217.495
40292,5751.148
40293,2308.1277
40294,4460.402
40295,8189.153
40296,6472.7866
40297,1772.1385
40298,10741.277
40299,4025.7983
40300,5312.7773
40301,10614.698
40302,1885.4722
40303,1511.7455
40304,1553.3765
40305,2880.6885
40306,5859.589
40307,5629.7114
40308,22120.62
40309,12650.654
40310,7013.066
40311,5353.5396
40312,5973.321
40313,14326.674
40314,6105.498
40315,4573.72
40316,8906.589
40317,4390.124
40318,7550.155
40319,7701.7246
40320,3018.1672
40321,8315.464
40322,5771.2495
40323,4869.0615
40324,12743.111
40325,4140.821
40326,4363.521
40327,4002.67
40328,12393.248
40329,15865.6875
40330,7745.919
40331,4720.779
40332,12737.51
40333,12607.005
40334,4763.13
40335,4240.9424
40336,5261.273
40337,6530.783
40338,5218.201
40339,4832.6055
40340,6697.449
40341,6603.9595
40342,2904.7666
40343,7439.3545
40344,8340.778
40345,4772.8354
40346,9263.564
40347,4202.66
40348,1744.1001
40349,7118.2915
40350,5488.476
40351,7589.374
40352,6167.1235
40353,7883.0884
40354,5283.1235
40355,6894.5376
40356,5269.9424
40357,4642.7007
40358,3324.074
40359,6328.403
40360,7271.0967
40361,2882.023
40362,3646.6782
40363,6823.021
40364,15440.243
40365,6668.936
40366,6961.124
40367,4297.048
40368,8487.057
40369,7592.2046
40370,4250.7314
40371,5767.9697
40372,4217.926
40373,6869.2134
40374,3871.1243
40375,5126.858
40376,5608.76
40377,8856.736
40378,6963.428
40379,6620.1045
40380,11636.446
40381,1969.8333
40382,5181.8784
40383,3757.6794
40384,7780.6167
40385,8559.235
40386,8182.5083
40387,7585.9795
40388,5943.2056
40389,4626.22
40390,5558.563
40391,8745.6875
40392,4407.584
40393,1671.9897
40394,4279.785
40395,7025.036
40396,8685.063
40397,1527.2174
40398,1386.4877
40399,5353.182
40400,757.76196
40401,3131.7407
40402,4386.0723
40403,7191.8394
40404,15426.701
40405,7108.752
40406,5155.2217
40407,7300.3804
40408,8852.319
40409,8865.373
40410,3104.92
40411,7842.8306
40412,10144.058
40413,5170.7935
40414,2262.0078
40415,2161.3147
40416,2833.7188
40417,3359.0493
40418,1942.812
40419,5472.97
40420,6530.3286
40421,8442.104
40422,4607.798
40423,6080.119
40424,6596.273
40425,7983.5737
40426,21730.33
40427,5856.7393
40428,1514.3756
40429,4305.447
40430,5556.0557
40431,7420.3696
40432,5475.644
40433,28735.23
40434,13941.911
40435,4687.2163
40436,3664.9626
40437,13336.017
40438,3400.106
40439,6231.154
40440,3447.9739
40441,6873.6245
40442,15849.928
40443,5853.863
40444,3400.5537
40445,6323.1714
40446,8567.73
40447,6610.5327
40448,7826.846
40449,7385.961
40450,6231.3086
40451,6294.708
40452,8725.291
40453,5271.6816
40454,6110.6714
40455,5347.5737
40456,3767.194
40457,4841.847
40458,3635.3206
40459,6604.445
40460,9313.478
40461,10489.951
40462,4531.9595
40463,6082.4565
40464,3932.165
40465,4377.9004
40466,5497.4614
40467,5704.9585
40468,3352.0742
40469,8924.565
40470,3485.5356
40471,7188.6436
40472,3732.8884
40473,4470.8423
40474,3329.825
40475,3779.818
40476,10015.963
40477,6090.6772
40478,4502.4565
40479,13810.614
40480,7094.1416
40481,4074.1821
40482,6007.541
40483,3255.3237
40484,4993.751
40485,4910.489
40486,2387.6233
40487,10118.113
40488,4474.712
40489,13845.339
40490,9361.587
40491,3315.7446
40492,4958.229
40493,3962.4766
40494,6386.744
40495,5605.5938
40496,11919.114
40497,4821.8906
40498,7208.974
40499,6725.5327
40500,6678.561
40501,6685.17
40502,7436.29
40503,7554.8584
40504,4932.774
40505,7207.3726
40506,4277.328
40507,9896.807
40508,8387.728
40509,6228.741
40510,8698.66
40511,7613.7275
40512,10186.319
40513,3981.2842
40514,3791.779
40515,5914.963
40516,6889.423
40517,7036.2017
40518,5224.2173
40519,3925.4453
40520,5158.5615
40521,5689.7637
40522,5694.042
40523,8049.46
40524,3940.6438
40525,10358.357
40526,17266.713
40527,8041.9854
40528,6613.8
40529,3284.145
40530,9420.505
40531,10312.451
40532,3251.8784
40533,5180.376
40534,7242.8354
40535,8332.843
40536,2717.0876
40537,1509.9418
40538,5964.479
40539,4780.7817
40540,5768.861
40541,3008.2786
40542,3437.7334
40543,6219.201
40544,3763.279
40545,3224.0166
40546,5144.3115
40547,1733.7087
40548,9283.288
40549,7913.7495
40550,7713.4575
40551,6430.9585
40552,7460.8145
40553,11462.812
40554,3270.9785
40555,3345.8635
40556,2086.6167
40557,13412.333
40558,4835.2197
40559,6755.0034
40560,2962.4548
40561,1482.2106
40562,5155.571
40563,7242.766
40564,5286.7383
40565,9882.121
40566,9058.493
40567,8736.85
40568,5531.0503
40569,10633.038
40570,2291.2627
40571,3609.0737
40572,7285.217
40573,1754.5854
40574,4155.1323
40575,2447.341
40576,7956.8228
40577,7002.1646
40578,10010.528
40579,11416.986
40580,6898.05
40581,3540.3293
40582,14572.649
40583,10812.59
40584,8784.6455
40585,5497.687
40586,10921.531
40587,6608.8433
40588,4910.311
40589,4951.829
40590,6743.673
40591,5176.859
40592,12799.837
40593,9056.4375
40594,4843.205
40595,4077.7397
40596,6385.843
40597,5384.708
40598,6573.2983
40599,4648.6655
40600,4414.9814
40601,10419.374
40602,5863.536
40603,2913.9077
40604,6778.736
40605,4244.091
40606,7853.512
40607,7010.0566
40608,7330.195
40609,7740.3135
40610,3406.242
40611,6124.6177
40612,8086.1343
40613,3534.7375
40614,6763.565
40615,4237.5576
40616,12650.595
40617,7468.1978
40618,2319.8706
40619,4310.1147
40620,5371.3555
40621,4960.088
40622,5449.7524
40623,6771.2075
40624,3855.7083
40625,2776.2776
40626,5882.6333
40627,8486.57
40628,1734.297
40629,4200.9365
40630,4214.1978
40631,6147.185
40632,3324.3054
40633,5926.02
40634,7612.9727
40635,9086.348
40636,12920.207
40637,5120.4165
40638,8799.874
40639,10334.989
40640,5221.502
40641,10485.87
40642,9847.374
40643,4721.639
40644,3944.051
40645,5912.938
40646,5748.06
40647,2836.7522
40648,10834.919
40649,6515.2974
40650,6916.2925
40651,5885.5347
40652,2180.837
40653,4814.872
40654,4442.7285
40655,3996.0127
40656,4297.2324
40657,4897.751
40658,8179.0674
40659,5489.078
40660,6546.3623
40661,4764.2246
40662,4994.3276
40663,1632.9381
40664,3626.1873
40665,5978.103
40666,46403.844
40667,4142.192
40668,5630.3774
40669,5559.91
40670,4486.495
40671,3493.0918
40672,5747.3145
40673,3330.0696
40674,10503.627
40675,3704.5483
40676,2884.6074
40677,9651.705
40678,2961.8374
40679,4238.0547
40680,10792.735
40681,8812.876
40682,9358.141
40683,3499.4822
40684,9754.448
40685,4944.3955
40686,5494.767
40687,16146.967
40688,12497.154
40689,6396.169
40690,1763.5657
40691,5853.299
40692,4097.2427
40693,3305.162
40694,6904.889
40695,5622.998
40696,5747.4956
40697,7706.324
40698,4698.461
40699,5153.4272
40700,5867.6875
40701,7726.1147
40702,6081.0063
40703,4033.3093
40704,6081.633
40705,4678.242
40706,7837.3564
40707,5822.589
40708,6654.2646
40709,2618.8442
40710,9249.236
40711,5440.985
40712,2174.643
40713,4693.717
40714,5919.094
40715,4230.3726
40716,8657.176
40717,4517.9316
40718,4870.3438
40719,5387.5903
40720,7294.0747
40721,8361.209
40722,3993.1738
40723,5234.942
40724,7441.7607
40725,3065.917
40726,10690.706
40727,3844.3342
40728,2782.1716
40729,6738.87
40730,9714.3955
40731,3472.685
40732,5034.4473
40733,5642.022
40734,5807.829
40735,3183.5544
40736,3528.7944
40737,7634.693
40738,2104.375
40739,5083.523
40740,1439.0153
40741,3706.938
40742,3117.7244
40743,7044.3135
40744,6676.0576
40745,7232.8184
40746,5804.7495
40747,3593.5046
40748,9010.669
40749,5987.2563
40750,2058.5422
40751,5549.864
40752,3102.3735
40753,4925.2046
40754,2391.9426
40755,22890.17
40756,4063.5356
40757,2818.3027
40758,11994.505
40759,1638.7357
40760,5135.56
40761,3188.028
40762,6708.107
40763,5692.972
40764,8916.907
40765,1951.0052
40766,4448.916
40767,7074.573
40768,6616.323
40769,3749.0398
40770,9372.674
40771,4456.0854
40772,15472.925
40773,809.3559
40774,5789.5547
40775,3386.7527
40776,2793.022
40777,5947.0845
40778,6639.2646
40779,6281.2017
40780,4644.601
40781,4998.083
40782,5186.0864
40783,2586.7458
40784,5277.397
40785,6227.3096
40786,1754.8391
40787,5590.4185
40788,1556.8193
40789,5747.545
40790,6844.041
40791,14172.749
40792,4654.451
40793,4523.5073
40794,6706.117
40795,2961.3147
40796,2864.2314
40797,10712.957
40798,5232.181
40799,7420.129
40800,11990.056
40801,1461.644
40802,332.30872
40803,4817.307
40804,8923.322
40805,9888.447
40806,6854.873
40807,5365.282
40808,5952.981
40809,5665.508
40810,4355.005
40811,6019.0586
40812,3781.3726
40813,5329.369
40814,3835.2466
40815,3346.9937
40816,4850.3345
40817,4718.978
40818,4535.7524
40819,3758.572
40820,5098.436
40821,2034.441
40822,6532.0913
40823,3083.4634
40824,2538.7644
40825,7397.1494
40826,5391.7495
40827,11402.578
40828,21039.965
40829,3012.6987
40830,5502.351
40831,5531.425
40832,1654.1886
40833,6844.257
40834,7563.64
40835,3917.627
40836,4579.7275
40837,3482.5247
40838,5531.33
40839,5313.345
40840,6514.365
40841,3890.5747
40842,7751.602
40843,6936.164
40844,5667.7075
40845,4707.6753
40846,2418.8562
40847,5501.1123
40848,4731.075
40849,11643.463
40850,5023.266
40851,5868.8965
40852,10575.53
40853,13976.78
40854,13522.268
40855,5596.5645
40856,2451.4526
40857,9471.462
40858,8544.61
40859,7360.741
40860,4895.5884
40861,5343.6577
40862,6060.011
40863,6170.813
40864,8486.013
40865,7304.866
40866,3126.487
40867,7737.5083
40868,4532.2275
40869,8194.942
40870,5709.112
40871,7330.0967
40872,13204.416
40873,9797.198
40874,12554.342
40875,2527.0938
40876,3882.996
40877,2911.5652
40878,3275.4375
40879,21214.113
40880,2000.2231
40881,5294.3433
40882,4250.6987
40883,2348.058
40884,5372.098
40885,11305.626
40886,5888.713
40887,9681.504
40888,3545.632
40889,8051.902
40890,8427.751
40891,7093.9453
40892,6410.3447
40893,4538.9204
40894,9789.987
40895,9628.48
40896,1881.5686
40897,6383.565
40898,7757.031
40899,2397.2476
40900,10271.939
40901,12939.853
40902,6783.9556
40903,7496.0513
40904,8221.2
40905,6648.5234
40906,5080.663
40907,4601.6177
40908,3586.4429
40909,1966.8527
40910,8517.044
40911,3555.4307
40912,5058.0044
40913,3581.2976
40914,7335.0483
40915,6636.5234
40916,5568.46
40917,10225.0205
40918,8858.544
40919,11655.062
40920,2723.4758
40921,11498.442
40922,7649.2485
40923,11482.956
40924,8578.303
40925,4435.8813
40926,5867.5474
40927,6492.4556
40928,4325.647
40929,14446.224
40930,6164.971
40931,4421.2607
40932,8322.383
40933,2489.6802
40934,2865.937
40935,5566.75
40936,10519.858
40937,7660.1636
40938,3424.5166
40939,7958.69
40940,7555.154
40941,6595.8076
40942,5110.063
40943,7252.6445
40944,6075.991
40945,7085.1816
40946,3318.029
40947,10264.966
40948,6618.4316
40949,1377.1293
40950,14016.721
40951,5900.9873
40952,15146.551
40953,4552.375
40954,11586.512
40955,9204.661
40956,4268.915
40957,6713.4644
40958,17585.79
40959,7139.6973
40960,3712.3416
40961,4139.2964
40962,10806.703
40963,4075.2275
40964,10741.113
40965,3985.9773
40966,3366.071
40967,9084.701
40968,3141.1958
40969,4837.988
40970,3917.743
40971,7986.4526
40972,5978.1943
40973,4915.991
40974,1777.1246
40975,14815.398
40976,3640.2969
40977,2527.823
40978,2881.9297
40979,9291.526
40980,4445.518
40981,6205.691
40982,1986.5498
40983,1114.6993
40984,2716.7092
40985,8653.016
40986,3162.2695
40987,2427.007
40988,2960.2598
40989,5515.1406
40990,2576.6252
40991,3265.0645
40992,10631.68
40993,3022.6074
40994,5245.7686
40995,4153.9595
40996,3258.2253
40997,4466.145
40998,2838.2085
40999,4120.301
41000,3836.11
41001,6372.7725
41002,5365.4766
41003,2101.6802
41004,3990.8281
41005,9467.705
41006,6598.576
41007,4725.6357
41008,7243.1943
41009,5667.767
41010,5823.711
41011,2352.8987
41012,1762.1064
41013,5750.989
41014,2473.3372
41015,7785.2485
41016,7712.3174
41017,3163.703
41018,7995.7363
41019,6604.9297
41020,10794.136
41021,11263.221
41022,6369.576
41023,5264.526
41024,3454.2522
41025,3254.15
41026,6631.082
41027,7186.8813
41028,7450.418
41029,6581.096
41030,1142.1747
41031,8074.8047
41032,10151.878
41033,1315.9114
41034,5519.124
41035,3771.9263
41036,5410.4507
41037,6033.21
41038,1829.4606
41039,6691.9004
41040,7558.289
41041,1801.0527
41042,7697.6704
41043,2124.7612
41044,10421.938
41045,1983.0973
41046,5795.6104
41047,6891.592
41048,2923.832
41049,4101.0474
41050,1302.636
41051,4097.8643
41052,6839.4536
41053,2058.058
41054,8146.578
41055,5299.643
41056,3499.8394
41057,358.2899
41058,1564.6893
41059,3050.626
41060,3284.311
41061,13415.365
41062,4681.626
41063,9228.897
41064,11793.1455
41065,3980.8704
41066,5483.8345
41067,3793.7507
41068,10568.049
41069,15470.978
41070,7643.5454
41071,6574.8096
41072,2075.6172
41073,10126.377
41074,16267.084
41075,1794.9852
41076,8056.3647
41077,5426.897
41078,4871.993
41079,7730.471
41080,5639.4824
41081,3185.0369
41082,5525.672
41083,4087.382
41084,2903.298
41085,2592.8684
41086,10961.594
41087,38608.277
41088,10089.185
